50
68
80
53
22
-5
-13
64
148
125
92
136
199
149
66
59
59
19
22
74
115
83
24
-22
-66
32
86
84
104
146
176
173
129
73
71
57
29
37
76
67
17
5
4
17
65
104
109
91
56
26
35
65
68
37
19
56
102
81
113
182
179
144
119
106
101
90
50
-2
-2
37
44
8
1
-6
-6
90
151
66
-24
-21
51
164
166
43
-56
-77
-5
87
113
40
-2
42
106
100
53
20
0
-13
5
57
51
5
-36
-71
-36
41
84
49
23
42
57
48
13
-17
-13
64
116
52
-62
-87
11
100
114
60
35
97
125
91
75
82
73
68
70
67
69
90
130
149
118
59
-21
-73
-23
102
153
52
-76
-98
17
146
160
82
23
50
121
148
112
58
-6
-107
-75
81
139
66
18
43
61
44
2
-69
-107
-34
72
124
84
2
-33
-34
3
32
7
-2
37
116
115
10
-51
-23
51
49
-41
-87
-34
32
13
-82
-147
-74
25
71
13
-73
-72
12
27
-92
-187
-124
-29
0
6
23
49
60
28
17
20
-13
-56
-20
54
71
51
2
-53
-49
42
131
93
-8
-46
18
121
139
146
163
141
112
55
7
20
41
25
9
17
23
36
73
103
98
104
154
216
227
165
103
113
162
163
109
50
13
37
56
27
-2
6
87
146
147
96
39
17
23
59
85
81
66
45
39
60
108
147
108
70
113
163
137
65
29
83
118
75
60
114
137
90
54
49
38
4
-3
27
85
83
34
36
55
74
128
178
180
168
130
83
67
64
64
28
-34
-81
-41
57
156
180
123
70
81
133
166
149
101
44
21
44
57
35
-9
-36
10
36
11
39
93
85
58
69
87
67
-1
-45
48
192
186
96
81
112
82
25
28
51
51
43
38
59
80
32
-3
8
58
52
-4
-26
25
112
106
38
-2
-25
-37
13
96
82
21
-1
36
122
128
49
1
-10
-33
3
86
91
23
-22
-18
50
105
108
113
131
150
184
233
229
172
133
172
189
104
-3
-18
75
147
113
73
76
65
18
-8
38
89
36
-20
-27
-39
-19
64
72
-52
-116
-70
-30
-36
-22
8
65
122
107
17
-42
1
119
154
101
69
103
145
171
139
77
64
101
119
128
120
122
144
140
135
141
113
56
71
98
81
68
82
87
60
32
34
24
-19
-26
18
57
69
69
71
53
40
36
-1
-59
-26
39
64
81
118
146
198
205
89
-22
-41
11
86
104
64
26
1
-5
-27
-11
70
100
37
-27
-9
86
119
41
-53
-53
84
209
183
60
-18
-54
-34
42
72
27
7
50
101
113
92
70
56
42
9
-30
-36
4
97
140
82
28
68
136
183
179
122
51
1
10
65
81
58
39
16
-3
8
97
129
53
-9
10
76
98
74
61
68
81
75
24
-19
-5
49
72
17
-39
-19
66
116
50
-6
4
69
108
56
-9
-6
82
139
61
-40
-45
48
124
116
66
28
24
45
104
87
-40
-87
12
173
169
48
19
86
112
75
28
12
-12
-87
-88
-4
90
138
103
87
118
91
71
73
85
86
61
39
24
11
4
-14
-29
-10
59
112
87
57
83
124
144
121
97
87
48
10
8
11
20
65
100
104
89
64
55
44
23
24
72
86
25
-28
-33
23
83
45
-1
25
68
65
44
37
18
-7
-12
23
33
-5
-37
1
112
146
60
-19
-20
40
107
82
12
-7
-7
17
21
-42
-56
9
57
19
-36
-10
13
22
0
-55
-109
-110
-40
-3
-51
-82
-39
13
32
-9
-66
-51
-9
-107
-93
-73
-42
-52
-102
-107
-49
19
72
20
-91
-114
-69
-45
-34
-43
-69
-70
-30
50
124
108
37
27
59
53
13
-18
2
91
72
-81
-110
88
322
325
161
45
-1
-28
-4
25
45
20
-51
-70
-5
72
106
16
-106
-110
-17
56
60
-2
-83
-69
40
102
-4
-60
41
150
168
132
87
72
104
118
59
2
7
76
166
187
189
229
226
168
178
198
135
65
80
150
201
176
133
116
93
76
82
57
22
48
85
92
132
197
226
208
181
167
162
124
50
27
77
139
169
135
120
161
163
121
114
113
83
26
-7
16
88
93
12
-8
48
100
115
125
129
103
60
36
45
27
23
32
12
50
129
152
119
70
22
20
103
226
242
135
70
100
152
166
123
13
-75
-100
-40
56
109
122
75
41
113
186
146
59
24
21
21
48
85
107
98
104
104
58
44
87
103
71
28
37
72
80
69
51
20
27
60
57
41
45
67
82
90
81
113
193
220
228
167
131
137
130
86
26
-28
-60
-17
90
179
131
83
117
156
144
92
0
-49
-23
-20
-68
-109
-57
-33
-24
65
181
224
185
185
77
39
105
165
122
82
114
68
-38
-103
-22
128
177
122
85
81
109
147
115
41
-19
-42
22
135
163
87
97
156
135
55
8
8
8
12
39
9
-77
-136
-107
-46
-26
-18
27
55
35
19
48
72
57
4
-67
-61
34
99
59
1
-19
-34
-8
38
28
24
93
157
155
150
144
106
54
-4
-33
0
43
35
21
50
53
35
26
42
59
51
17
22
96
148
129
75
17
-12
22
75
86
51
27
36
69
97
105
115
105
72
66
70
11
-29
-33
10
102
114
37
0
43
108
156
145
82
43
-7
-25
72
139
83
28
70
108
54
-25
-38
22
97
100
-35
-140
-13
163
184
68
-20
-52
-2
72
115
105
84
57
34
19
28
50
41
-26
-103
-70
10
84
86
29
0
34
40
2
26
83
68
20
53
156
215
178
125
135
151
132
101
76
52
37
7
-42
-65
-26
40
86
74
68
86
114
151
138
84
68
85
90
61
22
48
82
57
21
26
39
54
59
76
68
10
-6
22
38
27
53
90
83
36
2
6
26
16
-21
-33
-6
27
18
-71
-108
-40
-19
-54
-55
-22
-6
-52
-84
-74
-55
3
50
26
-5
-24
-28
-1
50
71
17
-82
-100
-8
49
27
-18
-34
3
38
6
-24
-24
-29
-10
33
71
84
85
84
60
42
16
-4
6
96
196
167
106
139
195
200
145
80
19
-23
-4
92
181
160
114
113
125
131
140
151
144
107
54
18
23
26
48
85
130
132
118
149
202
236
214
138
82
50
-6
-72
-38
34
49
22
2
-1
-8
21
85
114
97
77
81
92
105
88
26
-33
-38
72
157
89
33
67
107
113
91
68
57
57
74
68
59
50
36
65
85
89
91
101
116
118
114
82
35
-14
-41
18
133
182
132
107
125
129
66
-8
-25
8
49
45
25
5
13
35
22
-3
1
89
136
92
67
85
121
166
136
54
-2
-38
1
112
136
56
-23
-74
-57
22
100
70
9
60
138
161
145
102
65
37
23
19
19
20
-4
-42
-13
65
123
85
9
-10
-2
39
83
117
133
89
80
108
140
157
120
74
32
-19
-35
38
106
89
51
39
66
69
74
92
89
67
22
-6
16
82
104
72
74
58
-18
-61
-5
48
23
-5
53
137
101
2
-10
24
70
97
64
7
1
33
48
-5
-101
-92
23
70
32
33
76
75
44
67
116
156
152
113
87
89
81
4
-75
-71
-6
99
183
172
60
-67
-91
-52
-42
-89
-84
-13
24
36
58
72
73
69
92
147
132
83
129
204
232
234
184
83
-8
-8
105
203
180
87
41
71
41
-22
-42
-3
49
97
120
99
91
114
85
7
-33
-25
11
38
20
36
59
33
-7
-53
-57
7
92
118
96
57
61
130
135
33
-33
16
128
119
26
28
81
75
52
72
112
124
117
75
48
139
-69
-23
97
