-54
-65
-19
54
56
26
27
8
-24
-17
48
124
112
40
24
35
2
-40
-37
19
74
85
138
277
342
273
185
123
89
75
35
-19
-37
-11
6
-19
-55
-21
35
87
133
135
123
153
163
130
108
77
8
-55
-62
-19
3
-19
-83
-58
81
162
91
-7
-26
45
108
54
-11
2
65
90
108
125
101
64
50
39
54
105
124
105
85
67
72
93
87
34
4
91
101
81
44
10
43
105
112
58
33
58
84
70
38
32
33
17
-24
-78
-38
36
33
-13
21
128
139
68
37
90
179
197
137
53
4
13
45
41
11
1
5
39
48
21
33
85
114
113
109
105
92
90
82
53
38
44
53
49
33
40
69
84
72
17
-3
48
132
162
99
22
19
22
12
8
-40
-76
0
106
101
12
-13
49
135
117
25
-34
-50
-13
23
17
-30
-59
-18
40
104
106
10
-29
6
53
44
-18
-91
-122
-77
22
120
115
59
61
72
71
75
38
-10
-23
16
65
25
-34
-11
64
92
35
-28
-41
38
113
68
-7
-27
39
132
119
69
52
55
58
65
24
-36
-33
34
106
91
38
39
71
117
131
113
103
132
121
80
56
38
34
66
69
39
33
67
90
74
58
57
22
-38
-17
88
135
76
48
91
100
45
22
26
28
40
37
25
35
65
80
71
64
54
13
-13
8
74
103
99
104
65
16
23
38
36
44
64
70
82
107
91
71
102
163
183
133
128
144
121
90
72
86
75
-4
-81
-57
21
85
53
-66
-104
35
193
214
154
101
35
1
26
58
20
-50
-46
33
97
66
1
11
99
134
55
-43
-52
50
132
73
-29
-83
-72
-6
17
-35
-70
3
115
131
84
69
71
42
28
11
-1
16
50
50
28
28
38
21
22
76
107
99
71
75
146
66
-24
6
82
84
42
10
16
67
117
108
70
54
45
23
-2
12
99
156
113
56
66
81
101
144
166
169
150
121
112
103
102
120
119
69
21
51
123
136
113
68
-7
-27
-7
-1
-54
-60
20
103
100
37
-18
-22
89
189
136
84
123
154
157
131
101
132
171
154
139
148
133
81
34
2
-3
49
101
91
76
93
115
96
58
36
22
-1
-18
16
76
48
-5
17
116
165
118
42
27
53
81
87
53
17
6
19
53
64
18
-7
8
4
-51
-55
20
90
139
180
153
97
58
33
20
20
8
-33
-50
5
36
-12
-70
81
117
145
137
104
105
114
65
-8
-46
-42
-9
16
51
84
68
41
28
3
7
70
133
145
89
71
104
103
75
65
56
43
38
12
-11
-2
21
17
-3
20
93
100
44
9
41
121
137
61
0
37
88
67
10
3
10
12
21
5
1
-3
-12
58
163
166
139
176
200
184
135
81
41
27
37
36
12
5
5
0
-19
-43
-27
5
53
80
59
33
12
16
42
57
56
55
40
32
70
125
116
76
64
44
37
43
59
67
52
23
-9
6
117
182
85
-42
-61
22
139
154
100
75
72
90
103
75
40
1
-35
-52
-19
74
161
115
38
70
147
180
145
82
37
9
-36
-72
-34
-4
-18
-18
10
52
100
117
69
-21
-69
-10
57
71
50
54
66
64
74
68
9
-40
-99
-139
-77
32
98
58
-33
-97
-35
84
120
76
54
82
109
106
89
83
12
-107
-173
-116
-12
21
-9
-75
-56
59
121
100
64
43
50
53
27
37
76
69
22
-27
-34
43
119
103
56
81
139
160
163
146
123
117
100
61
50
100
146
106
43
36
67
75
68
87
106
86
28
-7
-17
19
65
45
13
9
36
64
27
-45
-65
28
148
138
86
112
171
180
137
85
42
-5
-41
10
82
32
-76
-90
25
106
38
-29
8
104
122
86
27
-43
-53
41
123
77
2
-14
-18
49
135
97
-20
-67
12
145
144
129
117
108
71
18
16
43
36
7
35
113
132
77
57
84
76
65
100
138
135
137
129
72
13
-11
0
45
80
72
24
-12
11
82
82
51
80
118
132
122
114
84
40
13
-21
-29
23
43
-19
-35
75
165
139
74
45
54
74
97
88
35
0
4
-2
-45
-94
-60
5
57
80
69
70
125
185
167
98
73
89
70
39
39
50
55
38
2
2
-1
-9
75
202
210
130
65
55
68
16
-43
-43
-11
56
138
150
134
136
137
104
74
65
38
3
-17
-12
60
137
112
69
75
80
43
5
-3
-3
19
81
90
43
33
18
-4
39
162
235
70
72
98
115
58
-18
-34
23
69
65
48
55
56
17
-50
-98
-89
-36
1
28
64
82
100
154
209
195
133
92
76
56
32
6
22
87
120
83
27
19
8
-9
-12
27
87
75
39
40
84
121
98
41
21
24
18
6
10
23
18
-23
-35
33
80
74
92
117
98
70
87
108
88
69
73
85
113
98
52
67
104
96
65
84
102
72
51
18
-2
42
83
33
-69
-81
13
90
76
57
102
155
163
124
71
25
34
42
-59
-136
-54
69
89
-19
-65
52
186
186
133
82
16
-41
-54
-9
-12
-52
-51
17
141
184
144
119
137
138
54
-41
-55
-17
4
-25
-85
-5
60
34
20
176
226
182
137
155
134
9
-65
-28
11
-19
-74
-24
51
88
98
69
65
104
147
145
117
61
6
-13
9
82
103
40
-23
-5
104
165
132
113
86
23
-3
27
104
150
101
23
-6
20
53
9
-42
-7
75
107
88
113
130
77
57
65
5
-71
-84
-38
48
122
123
42
-45
-29
115
203
117
12
2
24
72
132
147
74
-6
-7
50
92
69
27
28
33
-9
67
103
51
-19
-18
33
57
-11
-89
-75
-37
9
58
42
9
7
44
106
118
59
-13
-62
-34
28
27
5
8
23
54
66
83
104
67
33
69
100
108
128
125
106
106
114
65
21
48
100
76
-5
-38
33
112
122
101
104
117
88
42
41
72
80
69
70
96
91
37
11
20
12
10
70
116
70
24
35
49
88
141
160
140
104
87
102
109
88
42
1
-22
-14
34
50
16
5
49
58
29
51
68
53
54
65
73
85
65
1
-34
-19
74
145
116
87
125
152
96
36
20
5
-13
-17
19
73
67
23
37
74
67
21
7
43
103
165
155
105
86
103
96
22
-50
-46
35
115
118
87
66
58
71
97
96
12
-49
-57
-46
8
68
73
34
24
66
121
132
72
2
0
59
118
105
34
-2
32
99
92
29
-5
0
27
28
12
5
11
27
42
41
6
-19
42
147
180
162
138
119
88
73
51
-9
-54
-9
75
115
60
4
8
44
60
26
6
68
118
102
121
137
53
-10
121
204
172
115
90
87
82
22
-20
-21
9
41
39
27
51
99
140
139
81
43
53
59
36
4
-20
-51
-58
-1
92
152
164
156
166
171
91
-21
-28
49
117
91
34
24
25
23
51
73
60
59
85
100
85
65
86
101
16
-121
-200
-199
-122
-13
-1
-53
-69
-51
-24
-7
10
-3
-59
-98
-108
-131
-151
-138
-140
-126
-102
-161
-247
-225
-87
19
26
-12
-74
-104
-13
104
148
103
67
75
116
120
106
135
169
162
169
208
236
251
273
283
231
130
102
108
122
144
155
168
179
194
230
242
204
160
145
157
195
219
209
183
149
132
139
148
156
186
179
157
204
266
280
241
138
165
176
133
103
101
105
87
60
67
74
43
23
84
179
210
181
140
97
40
23
26
-12
-82
-117
-101
-17
