-108
-65
17
97
121
124
145
155
121
97
57
-8
-38
1
71
104
68
27
50
98
101
69
36
-2
6
65
74
18
-53
-93
-13
113
155
101
6
-24
7
59
66
49
81
105
112
103
51
-1
3
0
-49
-75
-43
6
38
34
-7
-45
-51
-18
58
113
97
56
71
123
116
69
0
-41
-33
-17
19
72
106
64
-17
-59
-53
-3
59
91
57
17
45
67
39
-11
-27
29
121
150
119
103
104
122
132
98
2
-54
-13
35
56
89
93
91
105
113
117
77
-9
-84
-75
-14
10
-4
11
84
136
118
82
80
44
4
4
-3
26
77
105
113
65
-3
9
86
130
84
-12
-42
21
74
37
-19
-24
-7
-11
33
104
137
144
141
128
135
113
60
29
23
23
17
0
-27
-55
-10
84
92
56
81
101
123
161
177
168
129
83
60
36
-23
-29
35
64
-1
-91
-58
52
157
213
193
149
105
87
89
64
1
-50
-101
-119
-84
-13
43
68
77
128
196
229
230
200
144
86
9
-71
-136
-184
-162
-39
51
88
125
168
148
117
114
89
40
-18
-68
-45
34
91
81
74
120
139
145
147
101
72
86
86
11
-105
-155
-35
119
164
130
103
137
192
180
99
10
-69
-138
-91
-11
40
105
163
273
242
171
90
7
-52
-68
-59
-52
-74
-120
-114
-60
-4
45
85
83
128
232
262
192
100
25
-50
-85
-35
32
84
104
105
116
114
96
89
108
115
77
37
35
35
-2
-45
-42
-11
-21
-17
52
82
48
85
160
146
67
41
75
80
54
22
11
50
96
85
33
-5
-1
55
129
147
92
42
54
109
130
90
61
66
48
34
11
-51
-6
120
165
107
36
-2
20
87
112
61
11
-5
39
90
88
35
-6
-58
-109
-67
35
81
55
16
49
114
156
172
149
90
19
-28
-34
-36
-57
-54
11
112
125
23
-23
60
117
74
38
3
-8
37
80
21
-59
-46
69
171
189
184
178
178
169
112
-10
-140
-194
-169
-109
1
99
105
83
60
80
147
152
52
22
124
220
258
250
219
196
145
81
23
12
17
-26
-52
-1
64
59
20
12
19
-12
-20
39
76
42
10
27
36
33
37
48
23
-11
25
132
192
116
20
59
140
132
64
19
7
59
137
150
105
81
81
99
88
8
-91
-105
-20
84
136
102
71
120
165
139
72
32
33
27
21
17
-10
-14
38
76
66
43
13
16
67
99
82
48
17
-13
-12
33
67
54
44
34
-6
-54
37
96
124
112
122
152
167
152
109
49
-29
-13
44
40
-18
-38
11
60
67
73
117
168
179
121
61
17
-8
3
17
-1
-27
-54
-25
32
77
120
107
34
-2
22
84
141
124
64
44
67
80
72
52
41
26
5
-7
-40
-102
-88
21
120
144
116
128
180
244
260
153
26
9
33
-12
-57
-52
6
82
101
130
149
119
98
102
113
129
125
34
-81
-71
22
96
103
58
-18
-85
-20
100
106
32
-24
-7
103
189
146
59
34
19
21
45
69
92
65
-5
-45
-5
42
32
55
129
186
195
181
113
-10
-36
28
28
-12
-25
-3
4
-3
5
58
92
67
37
32
25
-5
-21
33
52
10
-8
27
106
171
163
59
34
54
-1
-7
91
228
234
147
59
18
21
40
23
-39
-97
-115
-88
-28
4
3
-1
-8
87
234
281
218
136
99
88
51
-28
-38
48
121
145
155
150
145
129
89
50
-6
-81
-98
-38
2
39
71
56
4
-34
-27
45
133
134
89
90
103
50
-35
132
134
32
-37
32
151
187
103
-11
-37
34
93
96
75
65
21
-81
-137
-74
6
65
87
70
75
119
120
102
104
88
7
-42
-12
20
26
33
25
-5
-1
57
105
80
76
131
179
162
98
70
64
43
52
76
65
34
28
54
65
61
56
66
66
25
-7
-5
35
67
28
-10
17
84
99
101
99
64
55
59
42
10
-8
29
97
108
69
28
50
87
90
55
-27
-104
-119
-36
56
101
116
92
90
132
144
122
74
22
-29
-34
59
131
116
89
87
42
18
56
39
-24
-50
-5
60
70
40
34
50
49
48
73
86
86
66
34
51
128
178
137
22
-13
51
102
96
83
102
133
140
128
116
87
37
-5
-40
-13
26
25
1
23
87
131
163
176
162
150
136
115
98
69
5
-50
-49
-39
-37
-13
38
84
75
60
98
106
66
41
-4
-71
-24
53
57
13
-8
59
187
230
180
132
100
25
-29
10
61
49
-27
-62
-10
28
19
-69
-137
-54
51
101
124
105
123
197
230
187
89
16
-20
-34
-5
18
-2
-51
-84
-60
5
89
113
74
38
28
74
148
162
103
49
43
65
83
98
113
74
-17
-11
53
71
77
97
92
88
116
116
103
122
117
23
-107
-179
-103
57
186
194
80
10
67
128
120
35
-52
-61
-5
54
68
37
53
76
11
-91
-118
7
156
178
155
169
145
112
131
132
61
-26
-54
-20
19
49
50
5
-20
-25
17
37
38
59
123
179
171
169
82
-13
-20
-26
-116
-186
-141
-41
35
105
166
185
152
105
70
69
71
6
-69
-81
-99
-116
-1
193
327
315
192
82
72
105
104
13
-101
-131
-71
6
96
156
121
28
-8
33
106
136
134
134
144
99
28
-7
-66
-120
-53
75
132
115
132
188
183
122
93
112
119
83
10
-27
-42
-65
-102
-88
-23
38
77
105
125
151
168
140
71
-9
-55
-20
48
75
56
33
-6
-66
-117
-149
-116
-69
-54
2
114
150
124
150
109
75
101
137
120
34
-21
37
107
103
65
43
67
113
121
86
43
19
-25
-117
-165
-141
-132
-114
-19
134
244
276
259
229
203
172
113
2
-126
-195
-140
-23
82
137
120
69
28
27
26
-3
-41
-62
-84
-58
-24
-18
-9
58
139
147
119
96
44
-12
-36
-27
-34
-21
23
27
-14
-26
27
104
119
52
-28
-10
100
196
149
40
27
91
152
183
161
119
130
180
188
85
-34
-26
22
42
83
125
120
98
70
17
-14
37
119
123
68
66
121
181
226
233
199
106
-18
-43
59
150
81
-65
-118
-73
-6
80
150
139
136
194
210
181
146
86
-28
-136
-155
-141
-170
-120
-5
27
26
87
169
209
181
113
39
26
56
53
35
28
56
114
121
76
45
55
40
-26
-70
-68
-41
0
5
7
81
171
189
168
165
151
149
169
165
138
85
20
-35
-54
-35
-58
-101
-74
-3
10
3
64
125
156
171
180
160
113
124
166
141
26
-61
-57
24
102
103
106
163
151
67
32
34
65
100
112
137
176
167
119
101
92
25
-93
-158
-82
27
92
104
96
136
184
200
148
12
-67
-24
41
50
0
-10
50
107
49
-43
-18
75
102
61
1
-42
-66
-69
-75
-74
-12
85
154
176
179
187
169
66
-40
-62
-58
-58
-46
-20
-5
4
33
58
24
-60
-7
117
201
74
39
67
103
124
121
60
6
20
36
23
10
5
-24
-73
-53
43
136
162
120
68
39
2
-74
-121
-43
82
135
131
81
40
67
137
141
39
-69
-82
-52
-29
10
56
68
82
109
132
115
41
25
65
97
112
84
6
-67
-82
-84
-75
7
93
129
113
57
67
168
242
189
40
-93
-137
-59
1
-1
26
98
139
150
152
119
41
32
54
26
-35
-98
-131
-108
-129
-108
59
242
296
243
193
181
172
140
58
-23
-65
-102
-124
-56
20
5
-57
-85
-62
-103
-107
40
176
219
225
194
124
43
-17
36
145
195
186
168
163
185
181
102
1
-84
-108
-76
-27
44
91
59
-1
-59
-51
33
101
121
116
88
69
89
106
75
40
13
2
0
3
19
64
106
145
193
196
168
153
144
132
97
28
-28
-81
-92
