-89
-54
55
87
20
2
55
123
184
162
74
40
96
160
161
148
101
9
-24
16
72
58
-12
-33
60
162
165
99
64
67
90
130
135
42
-91
-102
0
56
74
86
100
180
265
258
196
123
51
6
1
6
-5
-24
-36
-9
61
114
96
40
-2
-52
-39
88
140
44
-35
-4
119
236
228
146
97
71
56
58
54
40
57
80
56
57
68
52
54
71
70
59
43
9
-29
-40
-1
24
57
54
-3
-11
40
120
179
105
-18
-52
2
104
140
51
-33
-6
58
71
2
-93
-101
9
96
87
26
10
19
11
24
64
72
7
-2
107
165
71
-11
21
83
57
-6
-40
-41
-8
13
0
-23
-27
-27
-8
34
87
119
102
83
92
96
59
26
33
61
82
67
33
-23
-69
-34
67
153
146
91
102
183
231
185
106
21
-1
18
19
36
50
55
32
-38
-66
-7
51
96
108
129
104
36
-4
-23
-25
3
49
108
155
137
68
35
36
9
-56
-91
-58
35
133
165
163
116
-19
-103
-78
-1
28
19
25
25
-14
-60
-6
98
130
131
146
187
242
229
168
103
-2
-89
-73
5
84
100
60
-3
-10
-7
-29
23
102
125
91
44
49
121
193
189
120
21
-46
-12
61
56
-34
-73
-7
74
103
109
148
188
167
85
28
43
35
11
32
76
91
33
1
59
114
98
41
-19
-69
-46
20
58
35
2
21
85
169
152
87
24
-1
2
-39
-70
-8
76
87
19
-25
9
54
25
-2
20
37
68
132
114
88
132
153
123
67
23
67
121
42
-99
-133
-50
34
76
121
156
150
109
103
141
154
114
86
82
64
61
76
48
-45
-102
-72
-24
32
65
64
52
75
136
151
74
-5
-8
41
97
100
76
83
86
59
55
49
21
-9
-38
-70
-83
-41
-10
-40
-75
-25
131
267
266
176
41
-77
-72
17
71
90
115
146
177
189
132
91
56
6
-21
20
48
-10
-92
-57
89
210
216
160
133
153
155
73
-50
-119
-75
-10
28
90
125
45
6
40
102
145
134
88
54
52
58
18
-104
-139
-6
117
119
101
124
166
144
44
1
55
87
68
38
10
-9
-14
-4
-13
-61
-89
-24
124
269
283
213
161
166
146
60
16
35
68
65
24
-14
-37
-33
-21
-41
-61
-68
-33
70
180
181
99
43
45
21
-46
-72
-53
-23
35
122
176
169
134
107
72
51
43
37
40
40
43
59
42
-29
-65
-41
-20
21
84
107
113
156
146
87
76
106
89
50
49
11
-24
-1
58
55
-42
-85
4
88
60
-6
-25
8
27
7
-5
-18
-21
-3
10
35
68
83
107
145
185
219
237
168
37
-45
-39
22
75
83
66
61
66
82
58
7
-8
36
83
66
33
8
-5
29
99
83
35
43
97
145
150
115
76
68
40
-14
-53
-30
29
55
1
-51
-74
-65
24
139
156
65
2
5
37
51
51
64
99
99
84
108
120
123
118
70
37
18
-6
1
33
54
38
-21
-46
21
53
17
-43
-42
54
165
147
55
59
138
183
107
52
34
38
48
-6
-62
-65
-40
1
59
104
115
129
154
149
132
116
56
-19
-17
81
181
179
88
20
38
84
104
105
67
37
48
69
73
9
-37
19
104
129
96
73
83
107
88
24
-28
-25
17
70
109
109
64
39
41
32
-8
-5
-1
42
119
169
169
119
90
98
116
146
117
36
-1
7
5
-35
-94
-55
67
130
60
-14
23
124
155
90
48
28
-21
-72
-76
-51
18
75
76
106
123
145
183
204
144
54
-25
-100
-116
-97
-42
25
58
97
151
176
197
213
215
139
1
-99
-123
-36
61
84
89
105
92
45
16
2
-3
9
38
25
1
39
121
176
163
115
53
-5
-26
7
97
119
56
-19
-17
88
186
194
140
98
67
49
55
32
-13
-5
24
11
-9
32
106
124
129
163
180
169
131
45
-58
-162
-186
-97
-10
-14
-33
45
197
299
310
250
115
83
50
12
-25
-88
-185
-257
-183
-10
136
167
96
26
35
122
208
185
90
12
-22
-66
-87
-58
-52
-103
-125
-55
51
118
150
163
154
82
-12
-56
-1
84
81
3
-38
-22
29
76
67
43
60
121
171
129
39
-30
-33
7
58
82
44
-13
-54
-7
51
28
-39
-22
80
152
161
149
100
-18
-108
-82
-33
-43
-20
49
130
184
183
117
44
43
90
67
-13
-58
-84
-73
3
57
82
129
171
209
225
165
54
-36
-90
-72
16
102
69
-11
23
176
256
215
136
48
-42
-62
24
71
-9
-75
-53
-7
41
70
55
56
69
103
165
183
125
83
91
115
145
105
-2
-77
-38
39
81
102
92
64
39
56
72
59
67
55
33
44
58
57
65
77
74
60
50
71
144
150
69
45
87
97
101
132
109
38
49
129
125
44
-22
-91
-116
-28
71
80
26
23
89
141
139
102
61
70
103
96
53
25
-11
-67
-65
-35
-49
-59
7
115
136
119
156
185
139
88
102
120
77
26
28
90
130
72
-40
-99
-50
36
76
35
-60
-99
-38
36
72
60
11
28
154
244
216
147
101
84
44
-29
-90
-115
-108
-7
119
168
163
148
152
193
212
166
57
-60
-90
-21
12
19
40
55
57
20
-9
-1
12
42
77
131
178
157
77
7
-11
5
12
-37
-108
-94
-6
93
161
124
67
66
102
125
96
57
60
58
40
-3
-36
-7
41
74
90
88
68
21
-2
12
-36
-123
-118
-52
-9
17
58
96
108
108
99
97
118
154
183
177
154
147
139
130
112
85
20
-52
-60
-41
-53
-69
-71
-98
20
135
198
202
188
192
165
67
-24
-72
-119
-134
-83
8
100
193
285
349
342
269
176
90
67
52
-57
-151
-101
3
56
26
3
27
75
107
96
96
115
148
167
117
49
27
6
4
11
16
20
23
9
25
57
61
27
-13
-13
17
59
51
25
55
82
112
103
42
24
64
88
69
37
22
52
116
144
107
70
19
-11
21
60
23
-42
-45
17
65
89
86
83
125
166
166
134
104
48
-10
-29
-62
-104
-117
-69
17
88
135
150
105
73
72
69
59
68
10
-93
-94
26
117
140
144
130
125
180
232
193
112
28
-66
-129
-121
-55
-20
-28
6
69
98
114
121
129
130
105
67
32
5
10
48
35
-42
-82
-12
104
196
232
199
139
108
64
34
36
-18
-102
-100
-41
-9
7
21
13
6
1
-6
-24
-22
-17
12
123
219
198
115
71
89
120
132
75
-30
-92
-82
-2
20
-7
42
122
138
99
108
154
163
168
186
167
99
-24
-148
-125
-36
35
80
84
71
89
124
113
32
-42
-33
49
109
109
103
101
86
71
34
-41
-88
-91
-51
1
39
72
87
55
19
21
20
5
3
-7
4
104
153
76
6
3
8
5
22
84
171
213
197
154
82
16
0
10
-5
-62
-106
-103
-49
37
89
85
83
105
108
91
37
4
39
103
137
137
161
195
218
185
114
87
67
19
-34
-62
-41
-26
-42
-9
68
115
82
58
84
116
131
91
55
107
147
73
-25
-11
130
219
156
61
64
133
186
168
104
33
-43
-87
-68
-23
4
2
39
131
182
196
220
224
169
82
-11
-58
-50
-28
-2
-26
-37
59
155
169
140
97
41
-7
-18
-4
0
-20
17
67
89
55
0
16
67
86
86
108
132
109
90
39
37
51
26
74
160
98
74
128
146
36
-87
-122
-99
-45
-1
86
193
232
220
213
198
146
54
-56
-147
-169
-136
-90
-30
27
128
185
148
84
42
20
4
-10
-10
42
98
70
-8
-3
121
227
209
155
121
