-11
21
98
192
212
122
24
-20
-56
-90
-109
-140
-135
-61
-102
-74
36
105
105
91
124
147
97
6
-98
-178
-156
-42
42
137
217
219
228
258
205
136
100
93
52
-12
-46
59
52
-26
-72
-38
-6
-24
57
218
273
217
171
134
108
124
140
120
90
57
20
4
36
99
113
71
84
98
76
89
84
103
186
249
205
113
52
64
107
112
103
114
133
121
73
5
-43
7
116
139
74
45
74
84
58
39
84
118
92
27
-13
6
74
137
135
69
-12
-60
-49
9
91
139
124
77
70
83
104
103
76
85
99
103
123
129
103
91
85
64
74
106
81
8
-11
56
120
133
115
81
74
108
150
183
195
152
81
69
88
90
68
38
32
5
-71
-54
65
146
145
91
37
48
124
193
193
129
48
21
61
93
61
-27
-83
-39
36
85
100
100
105
92
37
-18
-50
-65
-26
39
81
77
81
93
52
8
22
67
105
122
140
137
118
96
66
16
-23
-43
-84
-118
-4
209
311
262
197
166
152
135
83
6
70
101
54
-2
-82
42
135
81
25
91
171
177
136
87
38
-35
-104
-93
4
91
53
-19
-38
11
81
55
-26
19
203
315
292
179
41
-33
12
85
61
8
-5
-6
2
68
104
68
10
22
52
-8
-43
87
244
250
139
27
-41
-42
-28
-2
70
118
112
87
85
92
60
-8
-73
-101
-70
-12
33
32
-13
12
93
132
137
112
75
56
49
-43
-131
-29
112
119
38
4
71
171
224
188
100
-7
-99
-102
-18
28
-23
-88
-43
53
122
169
230
267
268
256
219
155
42
-98
-171
-125
-3
72
34
-38
-85
-105
-51
69
200
256
227
188
179
171
108
6
-97
-132
-58
55
137
160
165
163
115
36
-24
-29
-11
-2
22
58
67
4
-58
-51
35
150
201
181
105
23
49
121
162
153
138
149
131
74
40
29
6
-33
-55
-43
-4
49
71
83
112
114
88
85
123
176
186
167
122
58
34
-26
-131
-165
-106
-2
69
117
118
129
157
160
154
148
113
66
-11
-54
-36
-6
-8
-18
-20
-7
73
134
118
118
137
115
66
21
26
66
55
38
35
37
42
96
157
117
2
-27
52
130
118
75
56
1
-30
2
22
28
80
123
91
-10
-65
-21
-9
-51
-27
25
59
89
135
156
103
-1
-59
-24
61
108
59
10
57
115
83
5
-35
-29
21
156
243
202
129
120
124
109
87
65
43
25
8
-28
-69
-45
22
39
-2
-7
38
73
74
113
146
120
120
168
182
130
51
-23
-71
2
41
13
-9
9
55
87
70
49
13
-39
-121
-200
-155
4
139
171
169
203
246
236
214
203
144
28
-72
-119
-104
-40
25
53
49
10
-8
36
92
133
119
83
57
67
114
99
17
-28
-30
-38
-81
-183
-162
8
160
181
149
188
263
276
204
97
16
-9
-29
-69
-78
-43
-30
-14
40
77
71
99
149
151
135
130
184
219
156
58
4
3
-1
13
67
117
140
144
129
113
87
53
28
23
6
-26
-37
-1
44
91
137
165
164
124
80
51
36
24
34
75
103
49
-21
-3
42
73
104
100
49
-6
-26
4
56
76
43
5
50
99
92
93
105
85
81
121
76
-36
-34
73
165
188
173
166
149
130
87
8
-71
-94
-57
-19
-1
25
38
68
139
182
166
147
116
66
54
49
-6
-72
-83
-55
-43
-72
-29
71
154
164
77
7
28
21
-30
-28
21
25
-13
-10
9
5
-5
44
119
82
10
59
140
155
128
87
41
11
-2
-39
-78
-104
-90
-19
77
141
133
86
93
109
69
20
7
8
-1
-5
4
-1
4
13
12
57
131
146
107
72
74
101
85
37
-17
-69
-82
-35
10
0
-28
-17
24
90
171
209
166
100
86
123
125
58
-61
-157
-162
-107
-46
6
22
41
87
117
162
235
231
178
133
71
-20
-104
-113
-81
-49
6
81
133
156
138
80
60
87
88
73
56
22
27
101
169
154
38
-59
-38
32
53
32
9
2
11
69
162
194
121
22
-24
6
97
148
121
83
59
42
37
80
101
53
19
19
3
-13
20
82
92
67
67
90
65
51
75
92
112
120
86
17
10
76
98
33
-76
-184
-170
3
120
90
53
90
165
178
136
93
41
4
25
77
64
11
23
82
86
23
-2
-1
-22
-4
45
71
90
128
122
91
97
136
199
219
139
11
-74
-52
53
107
77
34
23
80
131
133
42
-42
-40
12
58
66
72
107
89
25
38
69
69
70
58
27
38
48
33
22
36
44
13
-9
10
68
86
67
72
82
58
20
-10
-2
36
55
35
17
22
-5
-5
64
100
102
129
116
58
56
99
153
171
132
56
-8
-49
-42
20
83
58
-27
-94
-57
36
69
21
-39
-43
27
130
133
26
-23
22
61
65
56
85
131
116
40
-2
0
16
16
-4
-41
-71
-9
106
141
99
87
108
153
180
132
48
21
-37
-46
24
70
70
74
106
187
251
219
117
24
-50
-97
-74
-30
16
120
202
171
130
153
180
183
147
54
7
51
96
36
-71
-120
-43
138
264
229
156
182
227
160
49
9
-8
-98
-164
-113
-13
52
84
108
105
71
41
40
59
67
80
71
34
9
25
58
41
20
27
26
-37
-100
-90
-69
-14
55
89
81
101
105
57
32
42
82
107
112
107
68
25
7
-5
-24
-24
52
113
77
24
48
90
96
84
72
64
42
69
140
180
145
54
-49
-104
-106
-59
33
122
120
28
4
97
216
274
208
122
113
137
129
58
-36
-70
-28
-1
-7
-34
-36
-10
17
32
17
10
52
98
109
69
-3
-3
83
100
18
-6
76
176
197
176
169
181
115
26
2
39
93
92
7
-69
-45
39
67
17
-49
-66
-5
49
67
114
173
172
134
122
123
68
17
20
29
25
10
-26
-57
-41
-25
-22
16
69
83
100
100
57
42
82
104
60
13
11
42
84
163
187
49
-113
-170
-122
54
252
281
198
184
237
217
106
2
-51
-71
-76
-59
-23
7
12
27
59
138
180
156
145
128
50
-13
27
134
167
109
48
19
-13
-34
2
55
42
-27
-45
18
22
-41
-27
76
128
57
-5
9
91
186
155
5
-82
-27
44
36
-19
-55
-57
-29
-9
18
48
43
48
138
262
284
176
86
41
-42
-135
-152
-117
-70
8
114
188
164
128
180
235
235
185
113
41
-34
-88
-68
-18
-23
-100
-184
-145
3
141
198
161
134
167
160
130
98
27
-24
-37
-93
-150
-120
-6
89
68
0
12
109
182
181
161
140
118
59
-39
-88
-27
44
81
98
119
148
153
129
101
74
11
-51
-62
-27
8
-4
11
81
117
96
54
81
168
212
183
122
52
-8
-50
-88
-116
-156
-198
-100
80
180
179
144
130
185
248
246
70
7
-34
-85
-88
-29
44
136
187
183
187
229
247
185
59
-33
-66
-97
-163
-200
-126
50
145
147
177
200
176
182
215
163
25
-87
-140
-145
-97
-42
-53
-92
-54
99
197
157
85
100
152
140
65
18
-10
-30
-1
18
1
36
85
53
21
54
90
114
140
179
217
221
168
112
108
104
-29
-187
-121
53
133
129
139
169
180
178
183
150
60
24
21
2
-25
-50
-26
58
146
104
3
-53
-36
54
84
21
-11
27
65
40
18
-1
-34
76
133
74
21
60
188
276
233
114
18
-21
-56
-85
-9
66
69
69
86
117
138
118
86
56
19
-3
-9
-9
11
33
24
-20
-13
39
64
56
72
77
100
165
201
144
24
-38
-33
-29
-55
-69
-74
-33
59
120
116
102
90
92
121
125
59
-38
-110
-100
-82
-105
-135
-118
32
209
273
201
116
107
145
136
86
66
54
