-65
-20
-10
3
41
40
8
16
65
108
123
85
26
-9
-40
-36
-22
-19
16
82
146
184
177
120
77
56
36
34
44
43
20
-12
-13
11
23
40
54
34
-26
-105
-71
82
171
148
131
164
177
151
73
-30
-60
6
54
18
-55
-71
36
164
163
72
40
97
161
161
103
56
27
-1
-49
-84
-74
-46
-49
-97
-84
-1
56
85
123
132
137
178
214
218
171
76
40
58
54
80
107
102
99
106
125
132
112
75
29
-33
-51
34
77
50
23
21
38
66
125
164
139
100
77
65
32
-19
-89
-163
-168
-104
-33
20
39
35
65
115
118
71
27
13
-3
12
88
148
106
20
-30
-43
-7
54
61
0
-59
-69
-25
19
25
37
65
84
101
101
107
112
97
51
-2
-12
42
89
54
22
19
-1
-53
-25
90
157
120
73
106
150
163
162
137
71
12
3
-5
-7
49
75
32
-18
-14
42
121
160
131
96
84
100
119
85
0
-34
4
55
80
74
40
-7
0
89
192
182
71
-3
3
56
83
21
-21
17
82
88
33
-11
-20
-7
-7
-21
-6
23
25
3
21
82
134
151
112
41
8
25
18
5
66
165
210
171
144
186
233
171
50
-38
-105
-119
-59
58
145
147
97
72
101
70
-2
-62
-92
-65
10
118
183
185
176
147
84
21
-26
-78
-139
-157
-103
-27
-5
54
168
249
252
218
168
80
13
2
-26
-75
-98
-114
-106
-22
59
76
52
41
90
168
172
83
-4
9
99
150
93
11
24
91
109
101
92
42
-51
-103
-76
-27
48
139
165
112
32
-33
-20
43
66
-6
-67
-25
72
114
82
59
48
51
61
66
50
4
-20
24
105
149
151
138
120
98
69
38
0
-71
-140
-165
-152
-125
-87
-46
29
138
233
217
133
118
148
144
124
148
157
118
43
-3
64
178
209
165
100
50
33
41
36
-9
-67
-100
-98
-85
-84
-18
132
228
178
108
93
75
68
75
92
106
112
89
8
-45
7
67
44
13
36
83
129
150
84
-11
-70
-87
-90
-122
-108
33
194
243
208
200
244
248
192
109
49
10
-22
-20
34
72
55
22
26
55
88
82
48
12
17
49
50
64
85
75
25
-42
-61
-34
-6
41
131
173
106
51
81
122
121
108
113
109
100
92
67
39
40
28
-21
-66
-65
5
107
184
216
198
151
107
100
93
42
-36
-99
-88
-29
68
151
123
34
10
50
59
11
-4
38
83
88
67
8
-81
-90
6
89
39
-67
-58
50
160
198
188
144
83
60
56
24
-10
-21
-37
-71
-97
-90
-69
-49
-21
38
153
195
85
-22
-24
48
112
113
64
33
57
71
17
-54
-92
-43
48
85
67
86
152
203
203
164
105
45
-1
-26
-34
-35
-2
43
53
-13
-83
-58
38
113
64
17
80
155
160
145
146
117
73
59
58
42
36
28
26
2
-56
-68
-21
-33
-92
-60
64
151
180
187
183
164
130
90
65
51
24
-5
-11
-1
-24
-40
23
92
107
99
98
125
193
241
236
179
81
-3
-9
58
82
-8
-45
49
168
227
180
66
3
42
113
107
24
-56
-71
-18
68
117
73
-8
11
83
69
24
34
129
187
186
171
165
129
75
86
112
91
60
36
-11
-25
11
29
-13
-70
-66
-7
51
56
7
55
119
86
18
-10
59
150
129
51
80
162
172
99
6
-10
28
26
-53
-121
-107
-56
-38
25
128
182
178
132
96
121
173
155
69
-13
-108
-167
-156
-108
-21
65
92
140
193
163
92
72
76
39
-20
-52
-66
-27
4
-21
-24
53
116
52
-23
-1
70
90
70
82
107
74
-19
-67
-30
21
58
89
86
37
33
65
70
85
129
81
-38
-89
-23
90
182
234
224
178
118
28
2
69
120
73
26
55
113
166
176
81
-46
-68
5
74
108
118
112
113
133
122
60
21
34
37
5
0
27
51
97
117
71
24
8
49
89
77
82
101
100
65
24
51
73
73
81
89
92
99
89
53
-24
-123
-140
-27
80
83
56
58
86
151
218
220
166
85
21
22
89
104
53
1
-41
-73
-57
2
77
102
115
154
195
201
160
80
42
53
24
-4
-17
-10
11
18
3
-1
39
88
115
112
134
186
152
51
5
24
-5
-54
-59
-75
-74
-28
-4
7
70
130
147
119
56
22
33
37
0
-42
-67
-110
-133
-99
-46
4
19
-14
-74
-92
-24
26
29
36
65
97
99
89
118
181
185
92
-12
-37
-8
-39
42
117
131
132
187
247
225
108
-4
-56
-49
-26
-13
8
13
4
44
114
117
28
72
77
22
28
89
124
128
124
134
146
132
93
59
32
5
0
1
-22
-66
-92
-24
5
-36
-41
-2
32
54
86
153
202
168
74
20
-21
-28
36
86
60
22
18
52
83
69
51
12
-18
-5
26
51
49
75
136
161
113
58
60
112
171
219
228
145
57
61
106
114
70
23
4
16
23
18
12
8
26
35
-1
-18
24
99
141
105
41
51
123
137
70
54
106
101
55
35
28
48
69
113
188
161
49
-3
24
35
22
37
10
-1
98
224
231
172
163
167
120
85
70
-1
-120
-179
-135
-67
-38
-53
-51
-13
59
164
268
275
186
102
80
123
153
101
-1
-42
9
80
96
39
9
60
114
99
22
-2
22
49
68
42
-20
-34
24
69
54
44
56
88
129
104
54
40
54
44
18
25
74
98
82
52
-4
-33
-26
-89
-161
-120
-17
64
104
121
136
163
179
146
107
84
40
-4
9
84
77
-42
-142
-125
-37
34
27
25
59
108
149
156
129
112
131
118
57
-18
-39
21
57
35
8
0
25
55
64
58
69
58
19
12
59
75
38
37
85
99
96
90
58
16
-2
12
40
17
-46
-106
-98
22
172
237
204
151
108
104
100
45
-14
-39
0
84
154
122
32
1
43
91
91
71
90
117
81
35
38
60
60
26
11
23
6
-40
-27
80
167
151
40
-41
29
178
243
198
133
74
4
-38
-39
-69
-97
-38
34
65
44
37
97
150
121
37
-7
11
51
16
-53
-38
50
161
226
212
168
117
48
-14
-50
-90
-134
-102
-28
-18
-40
-51
-12
98
182
153
66
64
139
161
77
4
21
34
13
-4
-8
39
147
208
188
141
109
87
61
33
8
9
32
51
-10
-104
-110
-45
34
98
80
-20
-60
-10
21
33
70
88
55
23
59
116
122
69
1
-17
17
72
60
17
32
59
52
-3
-24
43
75
52
103
178
208
225
242
205
88
-8
-33
-28
-27
-35
-6
64
141
186
167
114
72
58
72
76
60
41
43
65
34
-28
-55
-17
45
54
2
9
103
144
88
24
-17
-34
36
138
103
7
-5
33
29
-8
-11
23
89
140
151
152
162
133
49
-77
-158
-133
-24
98
148
138
141
155
118
76
99
123
59
-19
-18
16
24
39
73
44
-9
-4
42
58
66
125
195
173
87
38
41
60
87
108
108
88
73
100
101
65
26
8
-11
-57
-35
53
146
200
155
71
66
92
66
44
25
19
57
53
39
61
65
28
-5
-55
1
80
155
192
182
161
119
60
45
-2
-100
-133
-65
4
6
-1
26
66
84
121
167
163
134
128
123
122
130
72
-38
-125
-145
-94
-61
-70
-39
59
195
258
212
129
100
108
105
93
76
53
-5
-13
81
134
119
136
166
153
130
92
44
-9
-54
-38
26
53
23
-24
-36
64
163
139
69
26
-10
4
72
100
73
36
38
67
56
12
-21
-29
-8
10
0
-24
-92
-118
-76
-13
70
153
169
135
156
214
233
208
150
76
28
28
43
50
34
-8
-53
-52
-38
-22
