-29
-29
-38
-4
26
4
-53
-89
-91
-49
-13
-45
-101
-102
-37
34
69
67
60
97
112
89
83
72
75
71
50
50
82
102
85
51
0
-53
-70
-50
5
59
88
89
91
140
119
73
67
52
17
20
90
177
196
152
109
125
155
134
67
-2
-27
-18
13
17
17
68
125
122
89
109
132
106
44
3
39
134
196
181
154
168
183
162
129
76
22
-4
4
35
82
137
183
208
177
120
100
112
117
87
44
56
85
107
125
107
45
1
19
56
32
-40
-24
76
185
137
124
168
195
172
134
106
82
34
-6
-3
42
82
51
18
58
122
184
246
275
249
185
118
69
56
72
74
65
67
96
123
122
103
68
17
-39
-41
-6
-43
-99
-42
77
148
181
214
214
212
249
275
216
84
-14
-37
-17
8
67
131
151
144
145
138
87
36
-7
-43
-51
-28
22
81
112
117
134
150
119
85
72
43
-7
-45
-106
-156
-114
-52
-10
45
106
133
138
147
134
100
84
40
-12
-33
-37
-45
5
68
86
81
80
100
123
100
33
-2
18
43
38
-5
-58
-36
22
11
1
22
35
49
104
172
164
89
49
68
93
58
17
56
155
232
247
204
146
91
58
42
32
5
-39
-50
-21
-1
21
17
-19
-9
77
171
219
226
210
176
140
104
54
6
-67
-154
-147
-84
-41
45
128
112
54
56
112
132
101
12
-49
-7
57
72
65
72
89
76
6
132
246
277
250
220
217
214
179
91
-20
-88
-74
-61
-81
-114
-150
-139
-53
91
214
235
203
210
242
230
177
88
-9
-103
-147
-101
-5
71
87
41
10
35
48
35
53
98
134
179
210
214
184
117
34
-30
-72
-141
-216
-153
6
98
113
134
139
106
72
70
99
89
26
-9
20
75
104
93
81
77
64
52
17
-7
26
72
41
-85
-186
-138
1
104
131
148
155
136
119
140
155
124
100
66
40
83
136
119
60
33
39
55
56
43
2
-33
-34
-53
-77
-37
53
115
125
137
180
194
121
-7
-89
-78
-45
-29
-7
48
101
118
98
70
55
57
71
92
98
59
32
40
52
50
20
-20
-22
35
66
23
-2
25
61
45
20
6
10
34
56
45
36
58
80
87
71
28
10
27
65
77
40
-8
-40
124
167
114
54
37
48
75
44
-57
-148
-149
-66
37
96
100
87
105
176
235
198
106
38
21
26
-7
-58
-42
-2
-2
-9
28
114
193
217
177
107
82
88
84
90
100
74
9
-83
-116
-33
36
68
101
156
233
233
139
85
101
109
71
45
84
122
118
89
65
26
-17
-73
-109
-69
-3
40
91
115
42
-28
-20
41
99
123
120
102
119
151
162
144
122
81
-3
-107
-140
-77
-8
13
7
10
20
44
83
92
105
112
106
121
165
195
155
72
41
59
23
-36
-57
-45
0
42
35
13
27
37
49
68
77
85
106
106
68
23
29
43
6
-75
-104
-49
12
3
5
116
248
278
258
245
216
184
161
128
68
16
-1
10
42
92
108
69
18
6
75
130
74
27
69
136
154
103
-21
-85
-34
38
70
90
129
147
144
173
198
173
93
-35
-130
-106
-14
5
-4
54
119
99
39
33
57
74
72
42
-14
-66
-29
84
134
81
21
-13
-19
-22
-55
-53
0
65
97
82
89
139
154
107
51
-13
-83
-104
-53
38
97
73
52
73
139
208
197
129
100
119
113
73
6
-29
-22
-20
-33
2
48
42
34
76
106
72
51
96
135
140
146
130
85
55
61
54
8
-19
-30
-145
-138
-74
10
70
112
155
171
118
61
41
32
-33
-124
-151
-108
-43
7
26
59
107
132
171
218
215
192
103
-18
-68
-21
42
80
71
16
-28
12
102
125
91
52
-7
-55
-22
41
64
13
-51
-68
-8
-7
-29
-12
34
71
118
148
152
165
195
169
80
20
5
-13
-25
26
64
51
66
132
183
149
74
49
64
64
92
145
152
103
61
99
169
184
103
20
36
84
76
38
22
8
-29
-46
4
83
132
100
64
117
155
154
133
98
91
65
29
37
42
39
55
59
7
-57
-52
-4
48
68
60
66
73
88
98
55
43
70
75
69
69
53
8
-40
-38
-6
39
107
165
149
60
10
39
80
93
83
59
48
54
90
90
33
-33
-108
-85
-51
-18
60
135
177
184
150
108
101
99
75
45
26
0
-8
-1
4
9
42
88
140
194
214
208
201
185
121
12
-53
-6
70
73
-7
-91
-70
-4
108
135
73
56
134
235
251
169
112
106
61
-28
-43
28
102
100
49
5
-37
-65
-25
61
118
85
28
-8
-14
28
89
87
48
34
9
-45
-94
-76
-55
-60
-71
-20
98
160
114
65
107
168
134
49
-28
-58
-39
-3
-29
-124
-166
-78
23
81
121
139
136
149
161
152
117
61
28
8
-22
-10
48
87
64
-11
-74
-38
44
58
-6
-77
-116
-3
67
102
89
58
87
183
221
164
84
53
61
86
87
93
107
113
97
103
122
76
18
3
4
-41
-110
-91
-38
-8
42
105
144
121
67
29
39
92
88
35
23
49
77
92
106
115
92
22
-70
-85
-11
34
-6
-69
-54
35
113
130
150
133
43
-8
5
16
-28
-69
-26
25
38
82
147
149
101
76
102
152
194
163
105
51
-4
-28
11
77
59
-26
-73
-51
13
81
82
67
74
80
52
20
35
52
85
156
209
182
98
37
91
165
129
72
49
-10
-13
54
100
82
75
120
152
140
120
115
76
19
-28
-46
-23
3
-6
-23
-50
-69
-65
-38
22
116
167
161
145
184
257
228
55
-120
-105
0
44
34
8
-3
-20
-54
-85
-88
-52
22
105
168
218
209
141
74
43
45
33
-2
-6
26
44
1
-43
-45
-11
41
73
71
45
13
-18
-17
28
72
17
-43
-3
133
252
244
144
91
152
198
137
39
44
103
49
-42
-56
25
171
274
263
177
66
37
86
61
-55
-120
-76
-3
48
57
90
156
186
144
70
-8
-82
-113
-84
-7
19
27
56
82
117
165
198
156
34
-134
-213
-166
-83
-12
48
85
82
49
21
22
25
22
19
43
76
32
-70
-69
35
93
90
96
105
107
119
140
134
51
-24
-22
6
25
18
-6
-25
-28
-12
11
49
89
106
96
124
145
132
148
164
155
161
146
108
51
-25
-53
-3
55
81
57
13
21
68
96
107
112
89
69
92
145
186
210
165
66
-4
-24
-2
28
6
-49
-28
33
21
-20
9
97
145
91
-3
-5
97
169
138
50
10
39
49
51
92
144
129
82
66
80
80
22
-53
-84
-50
11
56
87
97
86
74
84
104
121
102
84
137
232
306
308
226
100
2
-61
-97
-77
-45
0
53
37
21
65
136
214
249
218
125
84
33
-22
-43
-51
-70
-57
16
88
106
66
24
49
80
90
88
90
91
56
-5
17
76
26
-61
-73
-19
28
49
76
107
124
131
120
83
48
50
32
-35
-78
-39
12
12
4
57
147
179
155
128
84
20
-3
6
16
35
40
7
-3
19
32
32
35
37
33
27
43
80
73
-19
-84
-76
-33
40
113
118
106
119
122
77
12
-11
12
25
17
20
28
28
53
105
82
-17
-60
-14
57
104
112
97
74
65
75
73
4
-34
-9
1
-20
-21
35
98
112
96
90
133
162
106
42
19
32
49
66
66
68
59
49
50
71
58
4
-54
-94
-83
-34
0
-33
-85
-11
147
247
272
252
210
116
40
39
59
1
-77
77
150
227
258
216
134
92
101
100
32
-100
-167
-68
104
197
177
116
74
86
108
65
-29
-52
-37
2
84
146
145
117
