180
92
19
-21
-25
-5
33
88
132
117
96
97
76
41
43
43
7
-23
-6
59
107
56
-37
-22
59
128
161
154
122
109
101
57
19
21
13
-7
-13
-5
65
162
183
145
90
43
19
20
10
-7
-20
-9
12
43
68
57
45
64
41
-75
-172
-134
-29
52
120
164
192
200
177
147
112
29
-72
-147
-161
37
99
89
65
82
154
214
217
208
197
141
38
-51
-83
-118
-113
-21
68
90
77
80
92
118
98
27
5
5
-7
17
50
36
27
65
118
117
66
64
129
177
167
122
70
50
49
19
-20
-13
22
39
1
-38
-33
-9
10
6
-20
8
50
51
57
69
54
32
9
-51
-140
-156
-83
-25
-8
35
81
83
55
56
87
87
66
35
17
16
26
49
48
-21
-119
-150
-149
-129
-81
-33
23
100
136
139
160
226
243
208
185
183
139
76
27
-23
-41
-27
-3
48
80
73
105
164
172
157
152
129
103
104
81
3
-72
-99
-73
-11
57
83
42
50
117
177
209
181
119
65
37
55
71
32
-29
-13
58
102
141
201
232
215
202
163
84
27
5
-6
-7
12
48
105
152
146
146
163
153
96
50
48
36
-7
-35
-41
-58
-6
98
141
169
201
192
166
123
60
35
58
59
16
-1
12
4
9
-6
-58
-30
66
114
92
67
80
109
93
43
16
35
68
67
64
71
96
122
120
67
-3
-36
-6
33
55
88
124
149
144
89
44
28
18
-41
-121
-114
6
112
130
148
183
181
155
118
34
-57
-88
-69
-1
89
102
71
113
199
221
177
124
100
73
36
-2
-56
-115
-124
-91
-42
17
8
4
82
173
231
235
168
56
-2
-18
-41
-89
-117
-60
11
-3
-50
-18
83
151
133
57
-39
-81
-56
-49
-60
-18
27
42
85
134
152
178
168
130
36
-53
-77
-45
-8
5
-27
-57
-24
27
92
141
140
103
60
59
84
75
22
-20
-10
-11
-59
-74
-65
-75
-65
12
93
146
182
212
226
187
137
104
59
4
0
24
19
-10
-29
-10
10
-14
-73
-52
43
132
150
139
139
130
146
194
218
208
163
102
56
26
-25
-166
-269
-185
-21
51
58
83
130
176
186
120
43
-17
-25
12
54
48
-1
-33
16
67
50
40
60
68
64
45
35
53
90
113
113
100
45
-18
-11
2
-40
-74
-39
-14
-23
-21
-1
74
147
153
132
106
60
21
19
52
38
12
37
67
100
155
178
120
58
36
24
35
54
35
-6
5
65
82
41
19
49
83
64
39
53
51
9
-10
-12
28
88
113
118
152
209
199
140
92
37
-2
-3
6
17
17
0
7
20
42
92
123
119
97
64
42
43
70
90
67
36
21
26
48
61
101
144
123
102
136
173
162
91
33
54
100
82
7
-4
75
171
200
178
90
-23
-45
12
37
-2
-24
-7
43
99
148
198
210
156
43
-42
-34
17
27
-19
-42
6
92
124
91
54
33
-3
-73
-139
-142
-69
28
102
124
138
181
218
229
184
84
2
-24
-54
-130
-195
-171
-78
-10
22
68
122
197
240
202
148
119
86
28
-11
-18
1
36
57
50
8
-25
0
50
90
102
25
-55
-23
52
117
149
148
138
150
160
155
144
108
57
12
22
40
8
-66
-146
-188
-165
-89
6
80
134
185
230
248
233
167
48
-53
-115
-131
-114
-85
-72
-29
21
36
52
100
169
202
176
121
83
83
89
72
8
-74
-184
-198
-55
98
147
98
69
137
260
322
253
106
25
36
29
-49
-114
-90
-17
66
124
163
153
145
169
192
199
192
154
96
10
-57
-58
-9
22
40
64
69
40
23
23
-9
-38
-12
16
36
50
73
114
131
138
150
154
125
66
41
65
73
55
6
-42
-39
-2
19
37
24
27
103
133
80
38
55
88
54
-5
9
115
233
267
201
144
105
74
61
26
-77
-181
-162
-56
4
39
93
129
153
194
215
163
67
3
-34
-101
-139
-81
16
43
33
54
122
233
272
173
69
67
101
66
-50
-125
-90
13
77
33
-54
-81
1
137
216
197
128
96
97
72
45
16
4
34
8
-39
-30
36
61
-1
-54
-26
39
82
99
101
98
99
123
139
123
71
38
56
80
77
44
-20
-52
-14
0
5
53
146
180
122
91
53
10
-18
-67
-115
-153
-171
-73
91
165
129
96
139
200
216
148
19
-94
-124
-77
-9
51
103
114
91
53
-19
-67
-21
42
66
75
123
139
39
-66
-51
21
40
-10
-69
-53
45
128
120
66
-8
-119
-119
-51
66
152
153
105
85
88
54
32
53
64
48
17
-5
-5
6
35
74
101
69
1
-25
22
117
172
157
102
54
56
57
27
-22
-49
-74
-77
-25
34
66
55
29
49
112
148
133
91
70
70
106
120
69
12
-24
-39
-4
28
5
-27
4
107
157
119
89
88
81
81
112
132
123
86
40
54
122
144
106
97
120
138
147
108
67
99
113
48
-27
-38
-19
-10
24
99
122
139
169
180
151
87
25
48
124
133
90
86
128
161
145
72
-41
-163
-172
-90
-30
-8
19
53
38
2
5
37
70
100
89
44
36
70
87
61
6
-57
-99
-62
6
58
97
123
148
160
166
185
181
144
118
119
101
25
-41
-46
-43
-69
-99
-83
0
82
122
134
145
161
131
53
-18
-68
-61
-18
49
114
130
98
88
118
136
99
16
-11
-8
-33
-26
5
-8
-34
-25
8
65
101
119
153
204
197
108
44
53
67
20
-30
-18
22
28
3
-70
-130
-70
50
148
145
85
66
114
185
220
171
59
-23
-43
-38
-18
-2
-14
-27
-8
38
83
105
100
56
45
73
88
57
1
-39
-30
5
4
-42
-73
-61
-13
59
96
109
134
138
131
109
65
19
2
0
-29
-62
-38
16
58
98
134
150
160
147
135
122
119
116
97
56
25
21
50
86
93
76
40
-22
-50
-13
66
135
97
22
-8
-46
-77
-77
-77
-52
-6
19
24
50
134
199
139
28
4
74
137
192
189
171
130
75
51
52
40
-2
-45
-54
5
65
105
107
93
128
188
203
161
139
160
152
104
73
37
-8
-34
-26
-21
-12
-8
-4
42
121
156
141
137
121
74
29
20
39
43
17
37
105
140
123
85
22
-41
-24
34
24
-24
-20
8
-6
13
75
117
135
147
164
152
77
33
73
76
11
-59
-92
-29
76
117
103
135
195
218
204
133
29
-17
6
41
-2
-89
-121
-51
29
50
35
67
129
119
80
70
38
3
12
81
108
101
104
107
40
-52
-49
-30
-38
-20
1
23
64
106
113
115
149
135
70
38
67
91
69
42
54
55
26
13
51
100
118
68
-34
-90
-54
39
102
67
27
64
91
91
122
183
196
154
105
54
38
60
74
85
85
73
76
103
131
125
86
19
-42
-66
-88
-114
-125
-114
-69
1
56
0
-73
-23
113
168
138
132
153
150
98
39
10
2
-22
-34
0
28
26
16
42
82
77
84
101
92
68
67
109
144
138
117
88
82
104
82
6
-45
-59
-65
-65
-20
104
226
229
181
148
119
113
101
54
12
-7
-11
-6
9
5
-28
-66
-85
-120
-129
-34
115
242
277
251
202
148
106
92
20
-87
-109
-40
25
41
39
40
44
77
90
51
18
35
75
106
71
-4
-28
-3
0
-21
5
83
132
131
123
114
93
105
102
54
-8
-4
64
84
59
58
80
118
136
134
117
68
19
-21
-71
-134
-119
16
135
124
66
73
122
149
104
1
-56
-60
-77
-90
-3
162
248
228
184
152
67
-13
-1
53
50
-8
-60
-57
22
103
113
68
43
66
103
103
77
67
76
102
70
-213
-69
87
160
208
210
