219
184
148
123
116
67
20
29
64
71
56
18
-45
-59
-2
44
40
41
98
163
153
92
81
153
220
210
168
124
99
74
51
22
-24
-45
-9
17
17
36
82
115
122
101
74
73
92
105
107
101
92
104
84
71
118
165
164
133
98
38
-49
-85
-29
17
9
3
9
36
73
83
108
135
84
24
21
11
33
112
129
82
51
91
120
90
38
-14
-41
-21
1
12
12
4
22
56
71
59
64
73
82
116
113
40
-7
16
37
-11
-49
-23
-6
-1
2
-2
9
0
-11
12
38
38
65
138
198
173
116
128
157
121
35
-39
-85
-69
-10
-1
-36
-53
-43
-29
-5
32
52
71
122
173
119
41
13
38
59
27
-20
-51
-42
36
107
106
58
22
36
59
97
116
68
-6
-9
44
80
64
11
-6
22
51
68
64
41
43
86
123
141
132
97
42
8
50
122
135
81
39
11
-30
-27
60
139
148
91
43
52
93
136
150
112
-1
-90
-97
-54
2
33
-5
-103
-23
69
125
146
102
37
7
4
22
50
67
71
56
60
83
85
59
24
16
4
-6
-6
-13
-10
26
61
54
4
-23
3
54
80
73
37
-13
-35
-5
57
60
-41
-93
-30
114
282
332
246
177
164
178
193
161
86
-6
-77
-60
-36
-4
33
71
96
112
115
82
86
138
128
9
-103
-89
52
187
227
212
220
227
176
88
51
55
-17
-109
-132
-105
-53
-12
22
93
147
154
173
236
256
194
104
17
-42
-52
-12
-14
-70
-90
-28
44
97
101
85
100
140
150
121
60
-11
-25
16
41
58
59
67
87
52
7
45
124
138
83
35
68
123
106
27
-6
0
22
50
60
81
149
245
265
185
103
73
70
51
3
-54
-88
-52
-5
26
67
87
66
70
105
121
91
59
49
40
2
-24
35
103
90
5
-88
-135
-91
0
52
65
84
117
166
195
151
82
35
-30
-131
-171
-87
49
96
88
100
151
164
108
17
-103
-145
-43
57
71
80
167
264
252
182
134
89
43
8
-28
-78
-74
-33
-17
-34
-39
37
146
180
139
116
156
215
217
171
115
28
-39
-36
18
53
25
-55
-73
6
88
123
136
129
122
117
85
44
-33
-99
-94
-37
16
29
18
34
114
196
199
148
88
57
64
82
85
34
-40
-84
-105
-50
34
66
65
55
69
113
108
52
37
65
75
76
83
71
64
73
71
26
27
38
-5
-40
1
86
118
41
-33
-17
26
16
-8
10
19
-21
-73
-46
57
136
179
177
102
16
3
67
74
7
-42
-27
27
84
116
137
145
131
117
66
-18
-66
-57
10
70
49
1
11
56
76
85
52
-6
-9
35
37
4
25
92
123
121
80
42
51
50
70
90
48
-8
-14
18
58
71
58
81
133
114
8
-67
-21
74
98
24
-5
49
85
128
205
252
244
203
152
89
37
10
10
-7
-43
-18
90
200
226
64
6
-5
-4
-9
-20
-10
7
41
67
33
0
18
74
103
82
55
48
48
39
5
-21
-20
17
69
105
87
28
-45
-113
-83
28
75
32
-40
-22
108
229
68
96
144
156
114
54
32
19
-23
-78
-72
16
72
80
80
68
64
97
136
129
57
27
41
42
50
71
68
21
5
32
52
65
96
115
87
72
71
65
69
49
0
-1
53
91
112
119
125
177
180
114
48
-10
-23
-9
-38
-82
157
178
151
115
101
106
102
103
67
17
28
75
89
68
45
50
54
43
41
40
54
75
89
91
65
40
12
-38
-109
-141
-67
33
71
86
97
104
117
144
165
146
80
25
7
-4
-2
9
2
-6
21
58
45
32
19
2
16
52
98
114
69
20
32
68
100
107
83
54
23
2
20
65
83
43
7
22
59
45
-2
1
44
83
86
44
-22
-46
-26
-24
-42
-19
44
109
152
189
214
167
92
61
60
71
106
116
65
44
99
121
72
53
61
48
35
55
61
55
70
117
149
119
81
70
32
-17
-17
-25
-67
-72
-37
-38
-37
10
83
134
146
166
162
130
103
58
-3
23
120
160
102
5
76
140
107
35
20
91
166
183
139
81
44
9
-35
-46
-49
-65
-69
-25
21
40
43
74
107
101
84
80
49
-3
-29
-42
-78
-131
-125
-58
70
219
244
166
144
183
213
171
65
-58
-104
-51
17
23
-36
131
105
32
26
100
160
130
80
76
89
84
49
-2
-49
-43
7
29
3
-77
-103
-36
20
64
108
100
33
-26
-13
48
85
70
54
80
104
100
57
16
33
60
23
-30
-38
20
96
140
137
108
97
112
133
128
98
51
-8
-42
-97
-158
-134
-34
58
132
188
192
136
82
70
61
23
9
21
42
68
82
56
-49
-135
-102
-4
92
152
171
196
213
195
155
97
13
-38
-26
44
119
135
112
65
-27
-141
-195
-138
-36
55
116
119
57
41
130
225
180
0
-163
-134
73
242
235
146
85
68
71
77
59
12
-37
-35
49
131
130
81
58
97
133
122
102
102
114
146
147
89
58
105
124
61
10
42
129
205
226
183
123
128
148
76
-25
-72
-102
-116
-61
28
104
136
136
118
101
84
45
-26
-98
-130
-129
-98
-82
-38
68
134
134
92
82
76
71
75
64
-9
-114
-121
-24
54
73
70
89
134
138
90
18
-45
-52
-10
41
92
93
83
96
112
103
81
58
33
3
-13
-20
-67
-110
-35
113
146
88
83
132
137
102
101
104
26
-114
-136
-17
27
-6
19
84
129
136
112
104
161
212
182
38
-109
-174
-203
-168
-51
6
45
101
155
210
247
245
195
136
99
74
50
8
-29
-57
-65
-84
-99
-65
48
128
101
60
90
164
213
215
169
118
87
91
107
90
9
-61
-50
-10
-19
-23
20
97
155
168
163
162
171
165
145
84
-25
-57
-17
11
-33
-120
-137
-22
109
153
163
202
226
196
149
76
7
-56
-123
-145
-89
-7
6
-35
-29
57
153
188
139
83
112
187
205
161
96
13
-72
-120
-91
-50
-55
-61
8
104
98
38
32
92
176
203
124
0
-20
50
68
17
6
34
34
-9
-35
-10
77
152
139
89
54
48
52
33
-55
-171
-211
-151
-12
131
217
251
253
229
165
101
40
-43
-130
-142
-73
11
81
116
112
72
85
98
72
85
134
161
140
87
-18
-113
-99
-12
27
48
72
93
90
96
121
139
118
35
-40
-40
26
84
67
-12
-56
-33
13
42
35
2
-12
24
64
85
98
105
120
128
89
9
-34
17
26
-75
-174
-139
-2
117
147
149
179
189
160
128
124
123
76
41
34
11
-20
-26
-9
-10
-3
-18
-65
-33
65
119
123
90
64
122
193
187
134
99
72
29
-45
-69
-40
-6
2
2
45
90
108
121
130
115
74
38
1
-11
18
65
72
51
55
83
60
-3
-45
-65
-22
64
112
88
52
67
109
112
75
-1
-77
-50
39
99
123
139
154
147
117
60
-19
-69
-24
36
42
48
50
22
3
-10
-13
18
86
161
188
177
154
129
109
96
71
51
32
-7
-27
19
77
35
-28
27
114
113
75
60
53
65
87
89
43
16
54
102
100
109
123
96
32
-22
-41
-27
-6
2
12
21
17
33
69
102
124
141
157
164
134
86
34
-21
-58
-75
-77
-34
24
43
54
103
138
107
54
43
26
-53
-168
-179
-30
121
178
139
115
137
135
132
91
-7
-62
-23
39
60
72
85
103
108
100
36
-62
-91
4
129
169
125
86
70
64
98
160
161
137
138
141
103
69
69
51
-22
-90
-113
-77
8
81
86
81
109
136
134
118
83
64
88
96
52
-34
-81
-11
67
60
22
