56
27
-40
-118
-92
-25
8
69
165
217
188
135
119
121
117
92
41
-3
-8
-37
-74
-29
43
72
55
40
36
55
81
67
22
6
41
114
131
59
16
61
137
148
84
9
-56
-46
86
194
176
97
40
22
40
72
43
-9
-4
28
57
74
68
68
116
192
246
208
92
-7
-35
17
64
65
37
-17
-54
-40
-24
-27
-40
-26
8
37
37
27
55
83
96
99
86
58
7
-13
20
48
29
-14
-54
-36
55
146
172
167
176
204
33
-58
-37
9
-3
6
86
146
161
133
83
39
8
-29
-98
-122
-69
11
84
134
166
177
150
103
54
10
-25
-40
-27
2
42
68
59
56
82
117
133
109
52
-7
-43
-68
-75
-65
-2
98
107
43
29
88
105
76
52
51
66
77
107
154
166
114
35
-11
-55
-117
-115
-39
26
42
71
148
220
224
167
114
102
89
54
26
21
-6
-65
-75
19
131
128
54
53
150
215
198
151
120
101
70
38
5
-19
-12
23
75
73
24
21
26
26
57
89
83
67
86
125
148
131
86
50
17
-7
21
87
114
71
4
-23
17
81
66
-3
-30
13
83
96
2
-101
-74
64
166
154
71
25
70
157
176
86
-3
-36
-67
-90
-39
88
210
214
131
58
36
17
22
39
10
-43
-78
-34
72
153
181
172
146
113
69
22
3
23
44
16
-19
-20
-9
34
124
153
90
33
33
65
70
65
37
-10
-22
32
101
124
112
104
120
155
150
97
44
12
39
120
164
144
103
85
81
65
64
64
36
-2
-10
21
69
75
64
59
8
-83
-62
33
70
70
89
153
213
204
131
44
-18
-34
-20
-18
0
32
42
-8
-53
9
119
145
86
40
34
64
122
153
93
1
-40
-42
-21
11
24
-8
-38
20
129
151
121
122
136
151
160
154
105
-4
-105
-118
-69
-18
22
76
124
160
177
164
133
81
23
-42
-102
-91
-28
-3
-4
33
98
131
150
112
49
52
104
155
153
117
113
130
150
148
82
-7
-41
-58
-90
-76
-60
-90
-109
-75
-11
23
21
-5
-11
51
119
106
53
-6
-27
25
112
146
122
53
2
24
97
130
82
6
-3
76
181
194
123
66
36
-24
-72
-70
-25
42
50
18
37
104
172
217
209
149
88
74
123
120
36
-6
45
120
130
81
9
-21
-13
-17
-46
-61
-21
69
173
243
245
228
227
181
100
51
26
-23
-69
-55
-23
-35
-93
-101
-11
124
196
155
97
96
130
150
145
98
21
-9
2
51
128
132
67
5
-58
-101
-40
19
19
42
112
178
182
153
177
219
218
165
80
0
-21
6
41
41
-45
-131
-93
12
105
135
114
98
121
160
166
130
68
-2
-46
-49
-56
-88
-98
-66
-19
33
72
102
139
178
173
132
99
101
87
12
5
57
57
0
-43
-133
-132
-91
-60
-45
-11
69
172
204
164
125
103
76
77
98
83
23
-3
13
10
-9
-26
-57
-102
-83
35
131
113
88
112
138
137
116
57
-19
-43
-50
-76
-73
-17
59
160
218
166
89
101
157
156
96
20
-34
-68
-103
-83
4
57
32
20
71
139
139
86
33
42
97
130
135
105
84
88
80
19
-85
-106
-35
49
113
117
130
185
208
197
178
130
35
-33
-21
55
130
128
60
36
104
182
181
132
76
23
18
67
91
65
35
52
99
104
36
-67
-116
-100
-109
-129
-97
-19
35
23
-22
-69
-45
52
109
76
68
120
178
188
147
74
8
-43
-66
-54
-18
17
33
82
133
144
113
73
85
133
149
129
123
157
180
136
71
7
-62
-92
-50
-19
-75
-126
-91
-41
-17
18
76
128
124
90
119
187
188
151
152
133
28
-106
-61
-13
20
-13
-99
-107
-10
115
212
267
228
123
76
100
118
113
72
-11
-117
-165
-98
25
99
96
99
154
178
104
-7
-73
-58
6
50
48
9
-13
-9
12
54
83
114
150
137
64
0
-4
29
68
69
52
57
80
101
116
116
76
20
-23
-82
-115
-116
-74
44
165
194
135
92
122
153
140
69
-1
-36
-62
-66
-34
23
98
181
203
167
122
105
116
108
52
-19
-103
-203
-236
-145
21
160
214
201
188
216
249
228
154
37
-84
-204
-311
-249
-29
132
167
168
202
249
243
184
140
96
-6
-134
-181
-136
-103
-70
-8
-11
-38
58
197
194
135
152
201
164
70
-24
-92
-85
-55
-42
12
122
199
179
114
77
50
-7
-54
-54
-10
54
114
144
144
87
60
148
232
217
167
137
128
136
119
59
-14
-87
-109
-68
-11
7
0
-4
-21
-17
35
88
132
165
166
149
131
167
185
128
64
41
21
24
90
119
70
35
32
11
-7
-5
16
10
1
51
117
160
200
215
204
189
146
74
8
-50
-92
-89
-52
0
50
53
26
5
-58
-133
-122
-19
81
90
38
37
122
168
129
102
89
42
-11
-28
-33
-71
-110
-114
-49
12
57
125
178
193
195
195
156
68
6
-5
-58
-104
-50
17
44
64
82
81
80
90
120
165
178
124
17
-39
-13
52
115
119
88
85
105
116
98
51
-18
-42
-26
-30
-33
-3
-4
-11
39
101
129
147
155
167
163
140
113
82
37
-2
-35
-26
-1
-17
-37
6
89
134
133
107
77
89
156
213
178
97
57
68
51
-2
-54
-82
-108
-136
-109
6
136
218
244
213
139
75
36
16
1
-27
-26
26
48
17
35
99
103
23
-39
-30
0
20
82
132
128
93
61
44
65
72
6
-105
-156
-101
12
65
35
21
71
113
138
178
188
176
144
118
97
35
-2
19
25
25
57
105
86
41
60
112
96
24
-42
-50
24
138
182
129
25
-40
6
73
87
66
26
20
41
83
113
99
16
-83
-71
16
96
134
117
60
51
90
119
128
101
32
-53
-115
-116
-49
18
19
-3
-12
27
136
241
217
135
108
125
116
80
50
25
-1
-35
-103
-123
-49
53
102
106
114
133
184
243
247
198
119
41
-17
-34
-43
-57
-51
-37
-49
-38
9
36
12
23
101
156
146
124
122
134
135
90
37
9
-23
-104
-170
-135
-25
34
55
120
167
145
145
156
123
56
-9
-20
10
26
44
50
45
80
85
49
25
23
-8
-42
-36
19
122
212
213
162
135
119
53
-40
-137
-165
-121
-55
21
83
153
237
261
229
200
173
102
36
10
17
20
-60
-166
-133
19
147
182
154
120
88
77
97
87
45
-8
-69
-73
-4
7
-66
-53
12
23
18
59
133
209
264
273
218
147
105
68
9
-33
-57
-100
-105
-60
-19
-12
-43
-57
25
165
101
80
98
91
55
4
-66
-132
-119
-34
17
5
24
116
224
246
153
73
75
34
-67
-70
36
121
147
129
93
76
106
131
102
50
21
-13
-69
-85
-58
3
59
58
43
59
55
57
106
122
86
44
34
54
57
50
108
195
205
119
-50
-151
-126
-81
-69
-53
-7
51
138
243
313
311
260
197
161
117
38
-17
-73
-138
-100
7
49
41
36
-28
-100
-9
156
224
166
89
116
184
160
69
-5
-52
-65
-39
-18
-18
40
147
187
152
102
72
66
77
92
88
54
13
-4
-20
-75
-132
-119
-45
34
93
150
209
234
221
193
152
56
3
80
138
155
120
109
155
168
116
45
-4
-55
-93
-90
-54
-34
-66
-2
136
186
172
194
227
202
100
-17
-131
-170
-125
-54
55
156
184
163
138
104
65
50
16
-37
-92
-121
-98
-25
16
2
9
32
26
51
98
120
102
61
44
56
19
-66
-61
27
128
166
115
68
66
72
77
90
76
34
2
3
22
28
33
41
59
24
-19
-13
60
124
114
91
89
75
43
49
88
99
85
66
41
8
-29
-38
6
20
-24
-30
-8
-33
