55
133
185
145
93
108
140
148
144
150
150
135
100
71
60
66
68
-3
-85
-87
-38
-43
-67
-21
55
129
177
197
234
266
226
114
2
-57
-72
-106
-133
-58
69
163
213
212
176
117
72
68
107
118
66
24
25
49
69
81
59
1
-17
13
23
7
-1
42
89
99
97
83
97
99
83
77
39
-41
-69
-22
-8
-24
-3
64
112
117
96
35
-2
-8
-51
-59
-6
19
16
36
98
183
115
20
-51
-35
32
64
26
3
54
112
137
165
144
115
85
53
34
13
3
4
19
70
109
122
134
167
166
103
41
11
17
11
4
40
66
51
64
99
98
112
150
160
135
86
39
61
154
189
113
22
6
45
56
-7
-62
-29
34
64
68
36
17
69
122
104
60
11
-22
6
57
106
128
99
20
-51
-43
-36
-85
-139
-126
-69
20
106
160
185
169
134
112
52
-41
-103
-108
-39
61
116
138
151
153
154
138
90
22
-11
-18
-37
-93
-132
-74
40
103
102
128
200
264
268
229
152
34
-89
-148
-99
23
113
100
52
44
72
91
85
56
-2
-34
0
27
38
32
6
3
16
-14
-38
-4
33
49
52
71
90
96
82
67
51
43
74
83
1
-110
-92
41
114
39
-37
-4
67
92
70
37
21
35
57
17
-54
-36
68
105
68
44
59
105
132
100
-4
-81
-68
1
43
45
44
69
105
134
177
227
197
81
-14
-34
8
48
12
-57
-84
-41
49
121
123
73
24
27
59
87
91
86
86
75
26
-49
-107
-115
-75
-20
65
181
290
326
273
202
154
120
84
39
1
0
36
49
16
-41
-140
-244
-245
-162
-38
118
237
264
242
225
224
199
129
17
-72
-74
1
36
20
49
96
81
48
88
148
149
119
92
64
19
-29
-101
-161
-157
-49
146
265
256
217
215
225
229
202
119
-3
-77
-70
-27
-21
-19
34
88
97
96
98
89
109
136
74
-23
-74
-53
-14
2
-1
20
76
134
176
168
139
124
109
82
40
40
61
58
13
-8
13
48
48
39
39
26
23
48
92
119
75
7
-6
3
-22
-18
36
75
80
69
71
108
121
68
40
59
71
76
54
52
90
89
3
-71
-36
49
97
87
72
103
134
121
81
41
12
-36
-117
-178
-149
-19
99
105
104
165
234
249
201
140
100
53
-22
-58
-29
16
27
-20
-87
-77
5
88
116
100
115
194
278
279
194
105
41
-14
-46
-41
-13
-2
-23
-37
-19
-29
-52
-20
-18
-73
-71
33
98
98
104
117
137
145
98
54
41
44
45
48
32
33
52
56
52
58
60
27
9
26
43
40
36
-2
-59
-67
-29
-6
27
74
129
165
167
161
161
141
107
65
22
21
51
56
48
11
-27
-21
35
72
28
-23
9
76
116
120
101
83
83
45
0
-6
44
100
117
99
91
97
91
76
44
-30
-115
-104
-21
41
122
202
228
196
165
157
145
48
-65
-99
-60
-3
39
58
70
91
67
25
41
58
38
54
122
139
83
37
36
44
42
10
-12
19
83
118
135
163
167
101
25
19
43
56
80
140
157
138
151
186
212
183
117
53
0
-42
-119
-87
-2
43
41
55
83
85
82
83
73
45
-2
-27
-22
-24
-45
-41
23
107
148
117
70
49
45
53
85
109
92
48
11
26
71
109
86
-4
-55
3
72
54
7
32
112
151
109
42
45
107
154
152
105
25
-55
-60
-7
27
44
74
104
84
7
-41
-2
40
42
10
-5
27
96
136
124
67
24
23
49
74
85
69
8
-53
73
70
39
42
87
129
150
156
166
145
81
51
42
6
-46
-78
-84
-50
-34
-17
74
217
205
168
134
85
22
-13
-8
8
17
40
68
50
43
101
118
82
68
52
48
69
82
45
2
-10
0
11
-8
-33
-34
96
150
160
132
108
83
23
-8
6
16
-23
-77
-57
66
168
166
99
73
109
140
132
84
38
4
1
9
26
36
17
-20
29
136
134
18
-46
-10
50
75
93
114
122
131
121
58
-7
-38
-51
-23
-26
-73
-53
55
155
185
151
99
80
98
105
117
133
124
52
-17
-20
22
69
97
113
137
154
144
114
87
67
19
-20
-13
22
22
-37
-71
-39
32
114
141
86
33
55
116
163
162
116
38
-36
-40
-22
-34
-53
-29
23
70
89
66
56
71
86
90
81
35
-34
-74
-70
-25
34
45
33
58
89
88
85
122
183
209
169
114
83
58
29
9
6
8
36
74
85
70
97
137
130
41
-45
-105
-178
-152
-3
144
213
199
172
172
173
130
42
-17
-13
-25
-50
-37
-6
-19
-107
-153
-54
97
161
117
117
213
279
256
149
36
-2
12
7
-19
38
153
197
130
68
50
51
76
82
60
51
41
38
57
61
55
49
7
-58
-106
-99
-37
32
74
108
147
161
152
131
91
51
17
3
-8
-23
-6
28
28
20
82
156
177
182
157
105
70
59
51
12
-69
-115
-84
17
116
150
150
166
114
65
48
34
-6
-53
-85
-54
-4
18
37
71
66
16
-10
-18
-6
23
28
18
36
59
39
-33
-68
-4
72
55
6
23
97
137
121
100
75
53
20
-6
-6
17
29
28
43
77
100
103
69
-4
-51
-4
106
188
176
99
32
42
108
185
172
73
18
41
71
86
124
160
146
129
80
8
-8
25
72
97
76
7
-56
-55
-11
10
27
57
73
74
75
88
105
157
181
115
21
-19
-34
-19
41
112
131
83
41
50
70
139
202
163
86
49
55
71
72
52
39
70
89
48
-17
-42
-38
-65
-60
20
71
-5
-89
-56
49
103
80
71
100
136
161
117
26
9
58
75
41
-39
-82
-42
10
51
59
56
86
133
148
121
91
90
69
-1
-91
-61
68
147
115
49
8
-17
-3
66
109
71
29
54
122
172
139
74
64
98
90
20
-26
-39
-69
-52
24
76
93
124
138
136
128
93
17
-87
-115
-91
197
219
183
124
60
22
28
72
133
137
68
-7
-50
-33
21
73
99
91
77
66
40
1
6
25
-17
115
199
192
103
13
53
138
86
-18
0
87
108
104
114
85
18
-22
-42
-83
-148
-145
-65
39
115
122
99
106
102
74
75
82
37
-33
-71
-38
39
107
114
60
5
-12
16
68
103
90
80
105
113
18
-91
-72
64
140
115
75
51
38
49
39
1
-57
-81
-53
7
67
97
80
73
114
117
69
49
60
54
28
35
40
48
71
80
10
-28
26
137
162
82
24
38
74
137
178
149
73
41
56
29
-36
-21
50
97
121
129
140
171
162
91
35
57
88
58
0
-54
-60
-18
49
83
55
68
119
138
129
109
92
64
32
16
27
71
73
16
1
20
6
-20
-4
22
9
8
10
4
82
209
232
150
81
55
82
119
129
100
59
12
17
66
109
128
119
82
10
-51
-24
86
112
28
-8
44
112
58
-58
-59
35
103
76
18
20
57
71
72
93
108
89
72
48
16
6
21
32
4
-24
16
75
74
50
52
57
33
-2
-21
-12
-2
-2
18
70
103
58
-12
-22
34
58
1
-41
-17
34
57
48
33
26
8
-21
-13
35
70
66
53
45
88
164
169
108
52
-27
-106
-102
-35
28
55
52
73
112
132
132
104
93
104
58
-2
-5
4
9
76
181
230
217
200
192
161
100
20
7
50
52
7
-29
-21
39
128
148
88
59
117
151
161
161
104
8
-21
27
81
102
60
-34
-41
84
162
122
102
136
184
193
182
152
90
72
103
88
8
-49
-21
67
120
106
57
-20
-53
0
53
81
133
200
229
180
69
1
16
37
60
92
104
83
