80
69
19
-29
-78
-114
-156
-186
-182
-139
-58
24
82
107
104
73
65
89
87
48
-9
-45
-28
10
73
173
264
276
225
229
315
342
259
156
103
96
103
148
232
321
352
304
282
304
300
280
244
221
214
176
139
147
182
176
166
178
178
177
217
274
290
256
204
176
166
132
75
52
44
43
69
92
134
188
213
171
132
121
130
155
184
186
161
153
119
68
43
52
75
124
178
203
147
114
114
116
132
138
102
60
71
109
122
71
17
23
67
108
147
178
171
117
76
90
128
129
113
92
81
114
123
99
84
52
-13
-65
-38
6
-7
-78
-84
22
166
260
298
281
217
172
146
112
49
-58
-136
-113
-36
42
91
113
132
129
81
52
77
83
66
44
32
18
2
-23
-52
-39
-2
29
18
-14
-42
-75
-29
112
173
132
112
150
145
83
74
117
116
57
-13
-81
-103
-61
-3
22
-14
-108
-153
-71
67
145
147
108
36
-42
-65
-50
-18
17
10
-37
-70
-83
-87
-70
-36
5
16
39
104
156
181
187
161
86
-11
-81
-103
-169
-216
-171
-41
65
69
39
69
137
194
51
-87
-123
-40
25
27
27
71
146
177
117
72
76
103
112
106
90
27
-27
-35
-3
6
-41
-100
-77
18
115
104
33
1
45
106
89
55
72
90
92
93
92
70
5
-52
-43
-27
-70
-118
-76
5
51
51
38
38
48
54
65
43
9
13
48
28
-13
-22
37
136
193
182
155
136
122
99
54
25
42
57
67
68
50
43
51
17
-26
1
85
139
138
103
43
12
54
104
76
-2
-39
-29
2
40
69
65
51
57
50
22
28
41
13
-13
-27
-23
0
3
-4
4
-8
-36
-6
84
147
163
137
97
116
188
229
167
43
-26
-23
-24
-50
-33
-3
-57
-118
-84
2
54
68
107
188
137
69
26
10
52
116
106
11
-55
-34
6
-1
-45
-99
-113
-34
97
195
245
247
218
181
118
43
-1
-22
-110
-216
-181
-34
52
56
50
66
121
181
197
172
130
107
83
55
26
-23
-54
-35
-7
-3
2
37
65
51
-9
-50
-18
34
83
130
139
150
165
153
137
138
113
34
-50
-76
-53
-23
6
38
37
32
67
119
119
96
102
119
102
49
19
-4
-22
-11
1
19
50
70
81
104
150
141
73
19
8
29
59
105
119
114
122
131
131
118
92
76
42
8
16
34
56
1
-98
-77
40
135
145
99
74
113
135
120
116
65
-36
-67
-4
64
102
106
50
-26
-20
9
-12
-56
-61
-20
35
81
73
51
48
24
-5
3
28
42
60
99
136
146
108
91
133
164
124
91
122
144
108
82
59
37
21
11
1
-1
7
10
-3
-27
-33
-49
-60
-6
57
74
49
35
66
76
-1
-98
-99
-70
-38
22
86
133
138
119
119
107
66
38
24
-29
-115
-145
-78
52
160
153
70
24
65
132
136
64
-20
-56
-27
16
22
4
-29
-28
23
68
53
3
-28
-7
40
34
-51
-109
-67
7
52
77
101
107
72
-9
-76
-118
-114
-10
134
193
188
215
263
280
250
179
97
32
-11
-24
-45
-91
-141
-148
-121
-105
-85
-3
112
155
151
166
209
213
161
85
45
51
49
3
-55
-77
-76
-82
-67
-33
29
87
67
20
48
124
173
163
147
108
52
25
42
60
12
-43
-26
16
11
33
96
137
113
54
20
12
45
100
155
194
168
138
153
155
97
20
23
52
49
17
0
29
75
75
34
-9
5
77
151
176
177
150
80
59
99
139
124
74
80
116
136
138
121
92
55
13
32
80
92
59
1
-37
-26
38
54
28
40
71
156
262
288
229
146
81
66
44
-5
-49
-27
40
120
161
137
106
121
129
74
32
39
40
41
83
120
113
92
134
186
168
99
53
60
54
54
67
53
20
-9
-36
-52
-70
-98
-60
8
68
122
145
80
21
56
102
92
75
67
52
53
60
49
5
-27
-51
-54
-35
-29
-7
59
168
257
-22
-5
49
50
-8
-25
12
42
32
-3
-33
-84
-105
-33
25
-6
-46
-6
60
117
172
198
151
85
68
35
-19
-29
-9
19
54
105
169
224
200
136
103
89
58
39
48
60
82
64
9
-14
-8
-90
-26
58
85
81
102
135
135
99
56
50
68
89
59
-7
-45
-20
-20
-58
-66
-18
16
8
-8
-8
7
21
11
4
11
22
67
118
132
132
155
173
153
107
42
11
18
34
28
28
49
65
51
18
27
87
154
124
7
-4
147
278
278
209
139
109
86
64
52
39
9
-34
-65
-50
37
120
96
18
34
137
212
198
124
61
75
148
193
129
27
1
-2
-3
1
9
0
11
99
134
100
35
38
100
157
152
53
-28
-26
28
75
70
6
-34
12
137
218
224
187
105
26
20
72
107
75
22
48
116
147
92
22
21
45
29
-4
-10
0
-38
-75
-22
53
91
102
76
85
129
154
146
81
0
-40
-10
48
66
38
22
19
9
7
-5
-14
51
150
171
137
120
114
105
77
29
-28
-120
-154
-69
33
81
86
68
97
140
141
132
99
50
16
-9
3
28
9
-18
-30
-39
-33
7
45
41
42
58
49
41
56
59
32
-13
-26
2
18
11
16
4
-22
-21
12
70
118
125
80
36
27
53
74
65
40
24
32
41
41
25
29
43
28
7
22
60
83
87
69
51
33
-9
-65
-75
-36
18
81
146
182
184
166
153
155
160
121
43
-4
-3
17
49
58
12
-43
-49
25
153
184
118
66
71
112
151
160
102
40
27
10
-59
-131
-88
38
119
133
138
156
154
125
76
6
-58
-85
-28
33
8
-36
8
104
153
147
102
48
29
61
107
137
105
21
-54
-104
-129
2
50
41
52
84
117
146
165
168
178
185
155
68
-72
-115
-17
100
122
89
69
68
77
64
12
-10
4
-2
-18
-17
5
73
109
91
65
56
73
76
28
-30
-27
54
81
-7
-82
-41
53
120
101
40
68
163
194
131
33
-13
40
105
71
-20
-34
23
60
41
7
-14
-12
19
49
67
59
42
36
77
164
225
215
164
61
-37
-61
-61
-59
-20
0
-25
-23
44
107
87
35
37
76
102
91
77
104
151
144
58
-6
-3
-7
-5
21
64
53
-22
-40
39
89
44
23
77
121
134
133
104
56
10
5
41
50
-27
-100
-93
-104
-155
-124
-18
96
160
185
218
225
177
101
2
-126
-225
-218
-139
-7
116
195
236
236
209
181
134
39
-70
-99
-81
-69
-51
5
77
165
244
277
228
133
72
39
20
-2
-42
-53
21
133
156
87
37
57
102
120
105
51
-9
2
75
134
129
86
71
73
75
58
4
-45
-78
-75
-20
28
66
131
198
230
247
237
169
70
-19
-70
-71
-34
-41
-97
-87
-26
34
74
139
193
201
193
182
164
112
19
-43
-43
-61
-61
-29
11
11
10
45
106
150
150
125
93
61
11
-42
-77
-81
-75
-55
3
32
-7
-66
-109
-138
-145
-134
-154
-229
-317
-331
-252
-167
-165
-210
-197
-109
-40
-43
-81
-82
-60
-84
-150
-182
-196
-188
-131
-72
-18
55
134
173
139
75
43
-11
-83
-70
32
157
229
230
263
324
337
280
187
104
54
18
-5
50
152
194
141
164
201
212
162
109
109
128
130
108
81
84
69
61
121
186
183
151
135
106
81
84
112
121
103
112
180
217
154
89
97
155
182
136
101
144
204
215
199
196
146
50
-11
10
119
241
261
192
155
199
242
214
136
32
-14
54
136
119
56
50
96
144
171
194
197
164
122
112
156
177
130
75
74
