-11
-27
-19
16
72
139
164
161
135
115
121
90
1
-84
-119
-118
-101
-75
-53
2
101
162
134
100
120
138
101
16
-87
-145
-107
-18
34
8
-38
-19
59
115
97
80
70
44
27
27
8
-29
-30
28
86
89
92
107
130
165
183
122
0
-99
-107
-14
70
67
4
-34
-20
19
59
70
76
98
81
51
41
40
27
8
2
2
-10
-27
-1
75
125
92
85
118
137
117
77
23
-68
-91
3
140
232
249
225
192
185
166
129
77
6
-45
-39
21
56
23
-19
1
69
36
-43
34
212
299
263
193
120
57
13
-12
-27
-38
24
90
129
89
49
53
86
113
131
140
148
161
165
136
96
68
60
53
27
5
2
18
19
29
65
36
-12
-8
59
118
99
67
43
43
41
39
51
52
67
107
132
64
-34
-40
18
36
21
-21
-68
-39
40
86
69
70
119
133
66
3
-21
-73
-135
-122
70
83
76
124
193
195
117
57
44
21
19
16
-25
-45
-33
8
75
73
5
-24
9
68
90
60
18
5
19
18
33
51
5
-19
19
75
81
57
48
53
53
41
5
-42
-66
-6
80
113
100
73
33
4
6
28
70
84
69
73
72
71
101
88
9
-29
-1
56
99
104
86
85
119
114
64
42
74
103
76
35
33
44
8
-65
-129
-116
-4
129
200
205
178
148
132
120
77
8
-3
58
116
98
16
-39
-21
55
105
69
29
64
103
124
115
76
38
20
-3
3
65
69
44
83
106
81
45
11
37
80
81
105
145
164
165
149
121
83
56
37
-18
-42
11
99
144
134
119
108
72
26
55
112
132
99
51
43
76
87
58
34
17
8
19
56
108
152
124
98
88
52
8
12
56
87
122
163
153
133
123
113
59
-11
-35
5
53
34
-42
-35
83
180
168
114
65
33
58
97
98
55
-17
-104
-146
-106
-53
-3
19
26
44
34
2
8
55
75
69
54
32
42
92
115
104
74
32
-5
-8
51
121
140
120
118
122
98
88
48
-35
-67
-26
25
66
56
17
9
33
3
-21
3
32
13
0
32
65
66
50
21
-17
-41
-11
44
82
54
-5
-1
70
123
89
49
34
9
12
49
49
39
34
5
7
23
20
38
77
86
83
90
72
50
59
58
34
41
54
41
35
41
51
73
89
74
52
44
57
74
77
82
58
57
69
39
-14
-7
55
89
90
99
105
88
45
-3
12
73
68
50
75
91
98
80
60
81
117
124
84
20
22
91
112
74
68
99
102
66
74
116
129
72
1
-22
16
74
99
89
91
140
166
102
42
69
93
67
33
3
-21
-22
-3
-9
-11
38
76
57
40
80
102
113
124
74
-13
-34
49
114
74
-13
-56
-29
11
52
68
66
37
11
27
84
81
19
0
50
108
114
64
17
-1
17
48
57
13
-25
2
89
112
84
92
90
100
150
148
85
41
28
29
58
84
49
0
4
10
8
11
10
24
43
54
48
48
90
100
61
40
34
21
-3
-45
-18
73
125
97
76
86
72
71
81
49
21
41
98
112
74
36
36
58
75
58
40
40
59
112
148
144
129
93
64
73
75
42
22
18
10
2
6
3
-2
2
38
54
70
84
66
66
85
91
96
98
97
48
-28
-53
10
72
44
-22
-39
7
48
43
22
10
44
121
162
131
74
57
50
11
-14
-12
-1
-25
-35
22
87
76
28
34
84
125
122
76
40
41
58
69
50
42
109
114
39
22
58
80
69
65
53
4
-45
-36
54
138
150
135
107
81
112
151
117
54
54
123
122
73
88
116
101
77
60
39
9
-7
-17
-28
-9
37
36
2
3
49
85
116
150
122
72
64
22
-55
-56
39
102
92
66
49
32
26
57
98
90
21
-43
-45
39
120
114
55
38
76
115
107
74
44
-5
-67
-53
6
12
-10
-14
10
36
19
-5
7
57
69
40
21
6
7
44
69
37
-34
-92
-62
9
42
19
11
37
43
39
74
112
42
-3
60
162
169
116
59
3
-21
-4
17
17
-4
-25
-8
91
163
132
92
109
148
113
33
9
29
44
33
25
35
23
-9
4
92
141
116
102
138
177
150
85
85
90
53
7
16
48
54
50
69
92
82
66
68
87
104
116
130
104
36
-19
-43
-11
36
50
21
1
48
123
166
141
98
75
88
117
70
-21
-23
65
93
18
-11
26
70
106
135
115
59
23
37
50
25
6
41
103
93
40
22
65
160
214
169
80
29
81
114
74
4
-29
25
89
49
12
57
114
139
130
54
12
42
81
96
81
39
11
5
33
108
145
40
-43
29
173
205
131
68
59
73
28
-57
-100
-66
-12
25
39
41
53
75
106
140
151
128
91
59
69
86
97
105
87
59
25
27
53
85
104
70
-1
-24
10
36
38
20
0
28
68
59
61
104
139
147
124
81
25
-18
-37
-26
-59
-135
-139
-38
57
60
23
57
124
162
152
103
48
26
26
20
8
-18
-34
17
71
80
57
29
0
-11
6
48
64
37
3
8
57
108
96
42
32
65
82
80
57
22
-3
11
80
76
6
-17
-8
-7
21
67
58
11
-1
29
96
133
122
98
59
37
43
42
39
45
58
56
60
73
70
7
-72
-49
74
141
76
23
41
73
81
77
76
91
104
86
83
130
144
76
16
-8
-22
0
52
70
42
19
34
56
96
131
125
81
48
85
116
90
66
64
50
40
56
99
156
152
103
81
59
33
45
65
34
-7
-4
43
98
99
65
80
121
124
90
70
74
82
70
10
-46
-23
27
-5
-61
-24
67
136
133
108
102
116
118
75
60
96
109
93
55
17
33
68
64
11
-20
-17
-4
5
34
82
99
107
123
125
72
17
-11
-49
-76
-52
48
131
104
60
90
139
177
146
67
49
53
72
96
73
24
19
55
82
73
35
-21
-35
28
123
193
196
122
19
-37
-3
93
138
96
56
87
124
121
88
64
33
-11
-65
-70
2
76
77
41
54
74
59
27
12
29
49
50
28
20
40
66
50
-22
-82
-35
12
28
51
58
50
54
73
98
108
98
52
-9
-52
-53
-66
-65
0
59
56
53
101
165
185
150
102
44
-7
-27
-4
7
8
-3
-42
-57
-5
72
81
11
-6
51
140
166
128
82
64
59
4
-78
-72
40
106
29
-72
-52
80
172
164
133
114
97
73
28
-17
-57
-66
-28
-8
-20
-17
27
100
129
100
60
49
65
75
115
148
128
84
70
69
39
25
25
-23
-102
-104
-22
51
81
85
61
28
49
55
8
11
77
122
136
147
152
138
109
82
41
-5
-27
-8
22
20
-9
-21
58
164
205
198
150
153
140
88
32
-45
-106
-49
58
101
54
-6
-20
8
38
25
-29
-67
-1
92
99
74
86
83
28
-26
-22
39
114
139
89
24
23
43
40
34
42
50
83
129
116
50
8
22
27
-2
-7
5
7
3
-7
-5
39
99
122
122
98
89
130
164
153
114
65
32
27
64
119
150
107
43
40
58
26
-12
4
80
141
150
123
123
148
137
134
140
117
64
34
51
90
74
12
-6
35
70
42
12
20
50
85
113
129
66
3
39
99
119
89
49
38
44
23
-14
-25
-11
-23
-51
-35
11
42
56
28
-7
18
83
90
22
-41
-58
-21
20
22
-1
-22
17
85
80
-19
-88
-84
-45
-12
32
81
82
69
86
100
69
37
36
36
44
76
65
36
18
22
57
105
117
67
32
72
128
168
168
109
57
39
