144
123
129
120
112
132
157
120
55
44
89
130
147
168
194
182
153
164
203
264
280
226
160
141
156
189
233
214
131
103
157
194
134
40
8
54
107
112
74
27
-22
-24
36
75
87
82
56
40
66
130
168
176
144
83
42
51
68
34
-10
1
40
59
48
9
-7
29
91
100
44
22
85
167
184
160
160
169
148
85
21
-22
-33
-20
3
-2
-58
-62
18
84
121
150
137
107
74
51
64
66
65
88
117
135
135
136
137
129
54
-57
-101
-68
28
138
137
38
0
76
145
135
69
5
-7
21
42
38
8
-28
-56
-75
-49
-1
25
68
121
154
140
114
92
77
67
58
54
48
27
6
-20
-55
-60
17
118
129
35
-5
55
136
153
73
3
19
59
52
22
6
-7
16
80
98
40
37
84
124
117
41
-21
26
108
122
100
87
116
149
140
91
20
-39
-74
-90
-74
-22
48
102
112
105
92
50
1
8
51
91
66
-6
-60
113
82
7
-35
-40
-23
-9
7
36
70
104
129
138
138
123
68
-172
-118
-104
-73
20
130
236
288
243
166
97
45
21
-1
-26
-57
-98
-101
-36
27
-1
-104
-136
-23
88
103
77
91
138
182
210
186
128
70
33
19
13
-3
-9
10
19
-38
-101
-82
-10
67
120
135
156
156
129
102
98
73
12
-34
-25
22
16
8
130
262
247
137
113
181
183
101
45
48
32
-25
-71
-121
-193
-202
-121
-2
96
166
218
216
210
217
209
162
81
-19
-108
-149
-87
42
104
84
100
141
145
119
101
99
71
38
54
81
52
10
11
32
48
44
-9
-51
-1
58
58
68
92
89
57
9
-33
-3
24
-26
-77
-26
75
118
32
-6
99
214
233
186
140
123
130
97
26
-45
-105
-97
-40
-13
-4
0
-35
-26
71
169
168
135
132
131
119
98
44
-38
-87
-82
-70
-40
34
108
146
132
122
146
147
107
54
-19
-70
-43
0
20
36
41
44
53
76
107
106
76
82
88
88
58
-18
-59
-9
52
26
-28
-38
24
118
193
209
178
151
117
90
72
38
-14
-35
1
43
67
88
124
148
147
120
43
-20
-11
12
-10
-30
12
55
16
-49
-40
60
180
210
138
57
64
115
121
71
-11
-68
-56
-5
39
41
35
65
100
122
156
160
76
-9
-9
55
99
84
55
54
68
70
60
59
42
-6
-55
-77
-58
-2
66
137
180
213
200
149
114
107
74
19
4
17
5
-46
-103
-110
-28
67
83
57
71
87
51
23
42
57
43
32
70
108
104
72
24
-19
-37
-1
48
53
44
80
128
149
163
173
144
70
-1
22
105
112
54
20
6
0
23
67
97
90
76
99
156
179
113
10
-54
-103
-93
-57
-77
-116
-119
-105
-59
-13
-14
-34
-11
36
67
65
35
26
67
104
84
27
-34
-83
-101
-88
-40
17
24
-4
5
55
102
129
135
69
-42
-68
-20
32
66
87
106
133
147
137
119
66
32
48
53
11
-13
18
16
-125
-98
-60
-23
-1
0
-13
-12
-33
-56
-29
-3
-40
-72
-66
-2
129
229
224
163
106
75
68
35
-39
-74
-50
-85
-162
-118
34
145
120
-9
-139
-171
-173
-204
-253
-277
-280
-186
-110
-121
-137
-105
-51
-33
-70
-119
-133
-140
-183
-205
-195
-200
-219
-244
-266
-253
-213
-180
-164
-182
-173
-131
-91
-60
-50
-52
-28
-14
-27
-29
-26
-27
-38
-57
-76
-93
-115
-142
-116
-54
-50
-98
-97
-25
35
41
28
34
74
114
107
69
2
-50
-53
-25
-25
-29
20
120
173
147
90
59
56
60
35
-9
-20
24
88
131
134
113
75
39
45
68
58
72
131
166
123
44
52
186
372
467
441
375
349
385
389
321
240
135
228
243
226
237
265
260
209
145
141
182
252
331
358
341
337
362
388
377
353
344
342
297
241
245
314
329
301
325
368
348
290
272
297
315
263
163
108
133
154
157
203
289
385
475
508
443
354
310
277
231
219
272
311
280
230
219
183
100
64
75
109
184
251
309
361
374
314
216
122
53
8
24
92
180
251
330
420
437
384
313
212
89
48
88
133
124
80
69
76
92
183
314
352
278
186
154
232
340
339
227
149
198
261
297
316
311
278
226
157
104
80
59
50
40
45
117
157
84
-14
-36
25
96
139
166
166
161
137
80
9
-52
-110
-155
-179
-151
-66
27
88
103
97
68
26
16
9
-41
-100
-145
-167
-182
-263
-337
-279
-162
-59
27
66
80
129
166
112
-22
-172
-279
-328
-269
-147
-36
42
104
140
133
58
-39
-104
-124
-89
-43
-40
-52
-23
33
82
75
10
-45
-69
-67
-87
-98
-25
64
88
83
90
67
6
-51
-87
-114
-131
-115
-99
-118
-37
289
243
155
91
43
-13
-84
-141
-187
-185
-142
-121
-69
59
145
99
29
51
60
18
-29
-67
-114
-132
-97
-33
58
136
153
144
146
151
153
129
53
-23
-52
-49
-69
-91
-74
-52
-39
-34
-53
-78
-87
55
97
104
112
155
177
156
166
152
86
32
33
25
-40
-103
-121
-100
-55
-38
-22
44
115
179
218
121
87
67
11
-71
-130
-125
-71
11
87
83
17
0
36
73
88
45
-30
-42
22
98
102
68
45
22
-6
-72
-172
-199
-100
22
96
148
203
265
280
243
184
119
68
20
-59
-155
-169
-70
48
101
72
44
84
103
67
32
29
20
-13
-11
9
-4
-33
-49
-36
25
99
105
84
64
18
-20
-17
23
21
-41
-52
7
56
73
51
24
28
76
106
100
106
123
104
76
55
17
-37
-98
-104
-34
56
89
53
12
23
85
125
123
102
70
56
76
108
121
102
59
39
8
-35
-29
-4
10
23
1
-49
-42
51
164
196
144
66
39
55
80
51
-22
-25
53
132
151
118
88
75
85
106
104
51
-5
-35
-23
42
112
43
-92
-98
60
228
274
208
137
134
171
171
116
66
21
-38
-91
-123
-140
-152
-66
92
212
262
257
229
225
215
147
9
-153
-267
-276
-200
-93
-8
42
74
101
133
161
131
36
-29
5
74
90
77
71
27
-19
-17
40
64
20
5
52
115
166
201
212
152
81
42
-10
-93
-109
-65
-76
-146
-125
-30
57
128
134
108
117
146
149
121
70
-5
-97
-209
-248
-138
34
147
155
136
109
103
129
118
96
59
3
-36
-51
-59
-67
-56
-40
11
76
48
23
89
178
203
157
80
21
-5
-13
3
33
26
24
100
171
119
20
-8
0
-12
-17
23
56
75
118
146
144
151
152
97
-2
-52
-18
8
-13
-58
-60
5
68
77
18
-59
-35
98
189
187
168
167
141
104
99
123
136
98
16
-34
-40
-56
-89
-83
-54
-77
-104
-22
80
98
59
44
97
165
210
219
183
124
65
7
-24
-81
-165
-141
-45
-27
-9
100
240
323
310
230
155
116
97
91
86
35
-76
-182
-205
-214
-185
-46
113
166
152
176
244
299
298
231
114
-6
-87
-89
-74
-87
-92
-91
-46
33
114
188
242
236
180
130
90
26
-29
-49
-18
48
71
74
129
198
215
134
55
49
20
-56
-23
48
121
134
121
136
160
178
184
149
103
81
64
27
12
48
53
20
6
10
33
82
130
130
109
85
40
-22
-58
-34
-17
-37
-33
3
56
120
160
145
134
171
198
161
74
-1
-37
-103
-167
-148
-61
-10
1
40
124
218
251
225
177
129
64
-36
-94
-54
41
116
116
67
41
86
138
137
39
-98
-163
-100
-5
50
64
33
12
43
64
76
99
74
34
32
89
141
152
108
5
-68
-69
-62
-41
9
90
134
133
133
118
60
-1
-19
19
70
72
39
40
86
96
74
44
21
42
71
64
32
