-107
-181
-152
3
192
280
257
179
113
68
39
4
-28
-38
-24
-13
-1
19
32
20
-6
-34
-18
66
155
137
67
19
19
64
83
48
1
-9
20
107
199
205
131
70
53
61
86
82
32
-14
-21
9
45
44
19
6
33
61
49
-9
-58
-20
54
40
-50
-61
44
154
217
240
224
186
138
98
107
125
80
-2
-53
-28
40
100
86
1
-36
1
50
56
38
49
86
113
87
21
-20
-22
18
60
75
84
55
27
50
52
-17
-60
-20
67
131
144
132
123
131
130
113
103
103
45
-39
-55
-8
29
27
21
52
74
58
55
68
76
102
134
152
163
162
149
157
156
82
-45
-51
-70
-30
54
135
135
81
59
71
39
-59
-107
-13
105
114
49
34
85
138
124
53
10
-2
-20
-25
0
42
54
45
36
13
1
57
113
97
59
50
33
-3
-37
-97
-139
-87
4
83
139
189
192
137
114
131
140
105
54
22
-18
-39
-21
7
39
59
77
98
100
71
43
40
3
-29
-28
-23
0
49
107
165
160
86
25
23
61
109
98
51
55
103
125
116
69
4
-22
8
89
161
180
164
106
58
72
106
93
44
16
26
33
0
-67
-137
-152
-73
-11
7
69
138
186
233
256
232
177
102
27
-14
-28
-66
-168
-201
-90
28
85
97
120
209
284
266
213
121
53
-25
-45
-18
-26
-45
-1
75
105
89
80
108
125
113
112
96
18
-41
-20
40
97
125
132
96
49
64
89
57
17
19
40
41
64
73
32
5
21
52
99
140
172
185
160
112
59
-23
-102
-131
-125
-36
0
49
121
168
154
115
101
120
144
118
66
37
36
2
-42
-53
-61
-105
-130
-71
22
89
125
151
154
150
131
98
64
20
-19
-4
25
-5
-58
-28
70
150
156
135
113
73
40
21
4
-14
-50
-87
-53
24
82
124
149
155
157
121
39
-38
-66
-41
-7
28
88
144
154
145
148
156
131
80
28
1
11
60
89
115
148
153
89
22
43
59
41
65
130
136
68
1
-17
-22
-35
-21
25
69
112
178
229
226
180
137
88
13
-56
-90
-53
-6
7
43
116
178
204
168
98
61
100
137
106
37
-5
-36
-39
16
65
35
-26
-35
-8
-2
-27
-10
68
132
156
154
130
103
96
107
104
50
-197
-163
-66
27
75
81
76
85
108
140
176
185
162
88
8
-45
-88
-93
-66
-35
3
48
76
106
151
194
169
76
6
-40
-89
-76
-23
16
57
74
28
-10
-20
-23
-21
17
65
100
68
1
60
193
240
192
120
93
129
141
102
36
-4
-4
1
4
1
-22
-49
-70
-75
-90
-110
-85
-42
-8
21
36
86
134
135
148
179
178
146
112
85
80
64
27
-6
-59
-98
-94
-59
2
83
150
186
183
189
230
266
228
140
73
40
34
39
20
-22
-49
-41
-2
38
36
10
-24
-13
80
166
168
130
119
149
147
86
40
84
123
66
7
-4
18
96
169
154
55
-25
-35
-12
-5
-3
-2
-3
-2
-2
28
114
157
130
84
54
59
71
33
-29
-38
-20
2
25
19
21
103
193
217
195
177
188
171
112
67
26
-26
-97
-129
-103
-43
-4
6
58
114
112
81
72
85
96
74
22
-28
-7
68
146
177
147
114
103
85
27
-11
2
40
70
112
128
96
87
76
50
45
53
19
-38
-43
59
197
241
192
90
-12
-61
-29
13
17
-13
-22
28
99
137
134
84
12
-24
-27
-18
-11
1
3
1
18
49
58
50
56
58
37
35
71
113
73
-30
-123
-171
-146
-57
10
59
72
75
153
252
259
195
130
51
-14
-27
-21
-21
-13
23
65
82
60
45
72
80
5
-68
-85
-55
-8
27
40
38
48
44
37
56
102
112
82
65
73
101
98
84
66
20
-26
3
72
100
69
-7
-81
-68
-11
16
7
-4
54
151
185
151
116
124
98
36
-8
-24
-20
-20
-3
6
-37
-74
-21
96
184
220
213
162
87
71
103
90
50
28
53
98
121
113
82
45
0
-74
-92
-54
8
89
135
133
107
75
45
64
122
132
96
81
101
138
150
101
21
-39
-50
-41
-43
-36
-1
75
176
192
91
-21
-37
4
1
-17
-19
-6
16
27
48
61
90
125
132
119
103
89
117
160
144
65
-7
-27
-27
-39
-28
-3
26
26
-8
-17
25
84
121
148
135
102
97
120
90
2
-45
-19
49
107
131
122
119
115
92
69
90
115
66
-3
-9
27
57
52
23
28
42
21
22
51
92
145
188
179
130
114
145
119
61
68
101
112
138
179
168
136
84
55
24
-22
-36
-4
53
96
113
113
89
54
17
-41
-105
-97
-17
50
56
24
-21
-27
34
116
156
176
182
145
84
65
87
35
-125
-237
-211
-129
-56
29
138
217
248
225
177
141
114
75
23
-13
-5
28
60
56
19
4
26
48
51
23
-24
-38
28
96
114
105
73
28
-40
-104
-84
12
51
4
-38
-8
81
129
148
166
138
97
98
106
119
145
130
48
-5
-12
-33
2
104
177
154
82
49
28
11
10
-1
-33
-49
-25
7
25
45
80
113
117
101
81
55
48
52
56
41
-51
-139
-122
-49
5
34
64
90
138
220
265
214
125
44
-11
-10
45
113
121
80
21
-9
1
-7
-61
-74
-45
-29
21
123
209
242
231
215
196
107
10
-23
-7
20
34
19
3
-11
10
69
75
91
144
139
75
-7
-77
-116
-72
28
118
137
134
135
138
122
101
71
29
-19
-54
-68
-70
-84
-73
-28
2
7
44
105
132
144
160
130
37
-27
-13
22
34
35
52
70
83
85
41
-33
-60
-10
68
84
23
-51
-30
44
76
33
-19
-21
28
91
99
42
1
21
51
66
83
106
109
102
121
117
28
-68
-75
-27
-33
-36
34
144
228
228
165
131
118
77
20
-1
3
-37
-81
-70
-39
3
52
98
107
93
97
136
163
135
84
29
-25
-37
37
130
153
117
50
26
75
87
25
-4
44
145
193
151
49
-25
-12
32
25
-20
-38
19
114
149
82
24
39
74
98
88
57
45
38
37
34
-7
-34
-13
21
39
48
119
212
217
150
100
60
20
20
70
92
56
7
9
49
82
85
68
58
64
75
84
105
154
124
-29
-136
-72
38
60
23
36
131
195
145
41
-41
-107
-132
-60
10
28
41
89
139
134
66
21
23
35
19
-10
11
77
134
138
68
-20
-6
73
108
83
91
124
115
50
-11
-9
49
96
22
-58
6
104
64
-28
-12
-27
-18
-8
8
32
52
57
54
89
122
124
87
51
48
64
51
23
17
34
59
41
19
40
67
59
51
65
60
57
48
53
67
64
50
35
57
114
131
113
89
98
123
115
52
-10
-50
-59
-68
-67
-22
56
136
155
104
57
51
59
25
-2
22
54
106
167
195
177
139
118
34
-72
-109
-74
-8
45
68
82
97
103
113
135
138
108
74
70
84
72
34
35
54
71
66
32
13
35
89
104
56
20
13
-10
-49
-26
5
-2
-4
35
56
53
76
144
178
140
83
48
34
29
48
76
96
93
88
70
40
21
6
-30
-68
-72
-84
-125
-121
-35
66
118
115
123
213
315
331
247
124
19
-12
13
55
71
55
36
4
-12
-23
-40
-51
-17
85
167
183
150
121
106
108
100
56
18
24
88
169
184
118
20
-29
-58
-83
-54
6
52
82
144
183
152
114
43
-36
-58
-23
35
96
116
55
-34
-41
51
128
109
33
-2
69
177
229
203
146
130
130
113
90
72
41
11
-4
-17
-41
-43
-11
10
12
-7
11
82
117
77
29
37
67
87
75
58
58
41
13
-6
-28
-73
-102
-71
-26
