56
69
100
76
43
42
44
21
-9
-20
-20
-1
43
75
59
37
44
71
103
129
116
59
7
12
69
90
32
-17
32
84
64
32
24
27
32
18
-9
-50
-75
-59
-5
75
92
34
-14
-3
86
139
105
50
23
9
13
74
161
188
137
80
36
-39
-84
-28
49
53
0
3
70
121
134
123
85
34
2
19
66
93
69
17
-35
-72
-29
69
134
141
139
200
189
144
59
-36
-92
-87
-24
49
72
75
89
97
65
-1
-76
-140
-139
-41
84
150
149
106
108
199
103
19
-5
44
96
103
102
80
23
-62
-130
-103
-17
34
10
-7
22
100
162
149
100
61
58
80
89
44
-10
-54
-105
-122
-58
36
109
160
199
217
209
178
139
87
25
-11
-17
3
41
41
-5
-71
-89
-27
36
59
52
59
90
120
122
86
27
-25
-41
-9
43
108
152
160
133
103
87
97
107
93
57
21
-11
-18
5
18
52
72
45
35
43
39
24
19
33
20
-17
-28
-23
-33
-57
-42
-9
5
0
55
128
122
106
116
129
130
106
54
-22
-77
-67
-2
104
140
109
102
113
120
129
132
134
112
42
-35
-25
84
153
115
43
11
41
86
114
93
36
10
57
120
118
55
33
101
151
117
33
-45
-88
-93
-55
25
96
99
59
73
139
179
161
116
89
74
68
54
16
-1
-5
-42
-105
-134
-58
33
73
82
100
130
108
38
-21
-41
-29
6
9
-37
-52
51
212
268
198
145
184
210
168
112
66
13
-37
-74
-115
-88
-12
57
132
203
252
267
268
251
183
72
-22
-70
-94
-93
-40
3
-25
-34
27
112
144
103
58
51
87
140
155
121
82
71
68
64
49
12
-6
11
41
34
-10
-42
-22
-3
26
60
21
-17
-6
16
28
50
58
64
72
97
160
179
96
53
118
172
146
102
68
9
-33
-12
24
18
-38
-69
-27
16
43
56
23
18
103
156
122
84
84
120
139
129
84
12
-38
-24
-8
-25
-18
5
42
85
102
87
49
8
13
41
45
33
16
25
37
27
19
32
53
60
57
56
69
80
67
53
93
128
90
40
36
51
68
85
74
42
20
18
34
53
85
131
160
155
148
139
123
122
130
88
-6
-106
-172
-181
-113
-19
48
54
2
-2
71
146
153
134
119
103
75
49
54
82
97
98
64
4
-23
-23
5
83
92
35
-1
-2
19
71
125
133
89
64
75
53
16
57
105
58
-7
-26
13
89
102
57
3
-60
-54
44
137
164
144
137
157
155
121
68
20
17
-3
-34
-28
27
86
69
-10
-40
16
89
129
103
44
-4
-7
32
70
83
58
27
58
115
103
72
72
70
55
34
-12
-51
-37
5
41
60
106
154
120
53
55
97
74
0
-7
33
50
69
91
87
19
-55
-97
-89
-12
58
58
66
133
169
131
44
-34
-41
1
11
16
48
91
100
48
-19
-74
-103
-85
-56
-19
10
25
70
144
179
151
91
41
35
52
58
26
-57
-152
-182
-99
23
88
74
65
101
178
235
225
146
32
-41
-27
-10
-53
-129
-167
-125
12
87
35
9
101
226
236
153
87
61
36
-11
-58
-62
-58
-74
-83
-59
-34
-8
20
34
44
80
125
171
188
196
202
182
123
65
37
49
20
-46
-55
7
67
96
102
72
23
22
68
108
130
129
114
82
48
21
5
27
44
9
-5
36
76
90
73
58
33
-8
-6
8
21
56
102
121
108
119
136
102
80
102
98
41
-27
-58
43
71
117
172
195
147
76
50
67
81
88
92
50
7
35
83
101
90
103
150
187
199
180
121
48
-4
-37
-52
3
83
183
221
166
89
42
38
36
27
35
10
-28
-33
-11
23
45
12
-9
44
134
185
197
176
160
163
136
66
5
-4
19
16
-54
-61
39
154
212
176
178
116
11
-65
-75
-74
-94
-46
0
4
-35
-29
23
74
88
71
21
-34
-65
-110
-180
-152
-51
10
11
5
23
88
187
246
17
58
147
199
208
151
70
51
54
17
11
74
121
123
58
4
83
202
227
164
89
54
76
120
106
11
-41
-13
25
76
146
209
219
154
76
77
120
105
26
-43
-77
-74
-37
-6
-19
-9
23
73
99
119
130
123
114
84
42
23
-3
-72
-140
-120
-61
-4
7
-37
-83
-66
2
61
61
54
76
98
140
193
182
112
41
20
61
97
81
69
89
113
108
75
56
50
34
37
39
24
40
87
133
157
168
164
123
77
36
10
-41
-100
-84
-38
-24
5
67
121
139
149
178
195
181
164
132
70
-9
-38
12
74
70
13
-21
-18
-5
2
6
1
-42
-65
-27
22
88
163
185
107
24
27
85
123
108
44
-20
-33
-12
-11
-12
8
5
-34
-45
-28
39
91
8
-126
-168
-54
100
192
224
227
215
218
193
74
-36
-34
-6
-13
8
73
139
194
208
179
130
85
76
116
139
109
53
39
57
26
-22
-23
0
5
20
59
116
194
249
241
194
139
52
-38
-83
-94
-97
-109
-25
42
76
61
39
34
58
81
65
19
-23
-68
-103
-103
-68
-5
35
33
38
72
123
147
141
119
100
106
128
90
-1
-33
25
87
101
68
32
37
74
140
202
195
76
-75
-115
66
80
89
97
77
54
55
89
104
67
-10
-74
-83
-9
101
155
123
83
73
121
203
225
138
-3
-82
-49
11
55
67
49
34
51
88
107
112
117
85
70
66
27
-24
-38
4
60
74
53
33
25
35
49
18
-6
3
27
48
52
53
37
-2
1
43
81
93
88
99
120
120
88
35
-39
-122
-181
-196
-147
-11
144
258
291
233
166
157
146
75
3
-66
-108
-101
-35
69
87
42
34
60
106
105
66
66
116
179
184
152
117
52
17
32
66
83
87
102
100
80
76
130
179
165
123
87
59
16
-56
-73
-22
23
25
1
-1
10
44
88
84
59
80
82
45
34
51
67
72
59
53
90
150
148
90
9
-18
11
41
35
0
-10
36
105
136
120
44
-45
-107
-89
-9
55
81
83
71
83
101
89
48
4
4
49
108
147
91
-8
-34
38
70
17
-12
7
-2
-24
-6
53
118
154
146
131
150
183
181
156
116
32
-59
-103
-69
-26
-41
-81
56
91
121
147
194
237
230
156
44
-35
-27
27
71
76
52
-1
-39
-6
73
120
145
187
220
205
163
113
53
0
-28
-24
-21
-29
-33
13
70
96
75
23
5
38
88
114
117
119
115
77
-27
-133
-136
-51
43
120
136
105
108
153
177
151
66
-36
-74
-33
20
5
-59
-58
49
176
213
149
65
57
117
167
114
5
-27
12
69
90
80
84
104
90
25
-59
-93
-23
18
-5
43
162
195
154
144
165
178
163
109
42
-5
-28
-40
-42
-40
-46
-45
-57
-62
-46
10
91
105
69
40
43
91
141
138
76
4
-36
-41
-26
-24
-30
-50
-22
61
137
155
129
88
69
52
6
-41
-59
-76
-50
10
34
23
16
32
53
33
1
34
87
100
104
137
150
129
88
13
-65
-98
-94
-71
-49
-17
10
25
59
115
130
115
102
97
58
-24
-83
-74
-9
64
70
27
-11
-4
57
128
147
132
68
6
2
45
71
37
-7
7
73
121
137
161
197
200
148
93
54
23
18
23
-4
-43
-68
-57
-12
60
115
101
82
92
106
75
20
-39
-66
-36
40
130
176
195
208
181
130
85
34
-12
-20
-3
10
36
93
150
150
137
163
148
108
116
138
114
42
-57
-151
-162
-66
41
128
196
218
210
217
225
169
108
73
6
-100
-168
-115
-7
