251
216
204
210
178
121
54
1
-39
-60
-24
42
119
169
162
123
96
38
-13
-12
20
9
-46
-89
-107
-126
-90
7
121
180
160
150
185
181
87
10
28
77
59
3
-6
11
9
44
120
119
50
23
75
148
160
139
128
102
51
7
33
109
145
108
71
72
102
137
135
106
61
23
20
29
11
2
45
58
12
-24
-51
-56
-5
59
73
65
74
93
98
113
160
164
75
-6
-43
-11
73
105
60
34
57
90
117
131
121
91
56
33
42
71
39
5
23
38
49
56
42
28
49
87
100
71
6
-4
64
147
195
155
75
44
59
66
67
41
-29
-74
-56
-35
-27
-10
-17
-25
24
102
112
74
49
52
64
39
19
28
44
49
25
11
65
144
178
133
37
-37
-61
-61
-43
5
82
140
160
161
161
163
164
137
98
74
32
-35
-73
-54
-17
33
60
52
68
117
144
164
139
69
16
-10
-21
6
44
49
17
-2
51
145
187
160
117
88
64
42
4
-70
-114
-72
5
71
114
160
156
83
55
53
36
-5
-30
-40
32
33
-11
-40
-13
49
120
173
153
102
76
56
43
41
7
-49
-83
-69
-17
28
66
117
150
115
45
36
85
107
77
51
27
-1
-21
-37
-57
-61
-13
40
41
33
87
179
225
195
153
93
-3
-70
-71
-53
-60
-50
2
51
80
90
96
103
123
103
17
-56
-57
-42
10
113
154
120
77
97
181
250
243
164
65
16
10
1
-9
-25
-11
37
76
85
89
119
151
148
89
18
-13
3
21
41
114
188
156
64
12
25
36
40
44
2
-71
-100
-55
23
101
134
114
82
68
67
54
41
38
55
54
-5
-83
-81
-2
69
76
66
49
4
0
71
133
108
74
72
84
87
61
18
7
54
105
118
104
75
23
4
73
156
165
89
25
21
26
10
0
12
12
-40
-76
18
168
235
225
200
195
160
102
70
38
-2
-29
-29
-7
22
72
118
104
77
91
132
145
69
-36
-84
-54
17
82
118
122
100
113
161
171
128
104
112
87
34
42
89
39
-53
-107
-124
-115
-56
28
97
139
224
275
232
161
101
54
28
20
4
-53
-124
-153
-125
-66
6
33
25
51
119
183
188
162
155
148
96
24
8
21
-24
-75
-72
-21
50
108
137
162
186
200
141
49
-3
-28
-45
-36
4
73
132
128
66
20
26
39
24
-20
-53
-12
74
138
92
18
27
74
80
55
61
93
72
4
-17
42
102
129
150
147
115
74
34
-2
-4
-6
-33
-43
-22
60
173
214
171
130
108
92
96
99
55
-46
-133
-68
88
167
128
73
80
120
130
99
55
29
26
11
-56
-102
-19
100
130
102
92
92
91
56
23
33
43
54
97
149
160
131
84
49
32
32
22
-33
-107
-140
-133
26
132
135
76
42
44
69
92
67
13
-3
-9
-8
34
96
106
75
48
5
-42
-68
-72
-21
66
105
81
68
118
172
163
102
29
19
32
28
27
29
44
26
-2
12
54
74
60
45
49
43
20
21
76
122
103
69
87
139
186
188
139
69
-14
-94
-113
-93
-65
8
87
125
121
100
93
118
149
140
75
-23
-115
-116
-35
44
89
107
81
65
116
182
187
130
56
21
22
32
40
55
71
50
17
52
90
73
28
7
-10
-36
-21
36
67
64
65
51
53
96
149
161
93
20
-17
6
72
104
52
-26
-52
12
107
137
101
74
71
27
-2
11
43
66
44
38
80
118
132
144
134
100
75
76
67
21
5
1
-50
-68
-23
21
40
41
53
90
152
180
124
54
16
22
51
61
77
105
112
67
13
-7
4
25
37
8
8
60
108
114
104
72
18
24
53
4
-92
-113
-34
27
43
36
34
41
34
42
99
125
105
90
115
133
113
74
25
-24
-61
-85
-82
-93
-121
-100
-45
25
103
193
156
119
129
149
124
54
-12
-68
-98
-74
-65
-41
27
50
16
13
50
61
43
44
65
51
19
18
39
64
71
75
51
-18
-40
-2
32
60
84
101
121
118
97
83
84
83
73
49
25
-7
-68
-108
-83
4
60
72
41
22
51
122
186
186
134
98
97
116
130
106
52
-7
-10
27
28
-17
-81
-72
6
68
75
88
86
76
68
22
-12
16
66
52
25
61
148
187
144
55
24
66
104
87
57
77
122
123
66
-13
-49
-8
44
82
113
140
132
101
89
91
72
-9
-66
-38
42
96
98
106
133
136
104
76
106
150
152
122
54
-25
-58
-45
-24
-4
21
43
67
56
28
84
150
121
57
50
71
57
37
57
51
7
3
16
6
22
75
80
23
8
36
-7
-71
-20
102
166
167
154
138
135
130
112
52
-28
-62
-46
-26
0
48
67
8
-56
-18
77
108
92
115
177
208
195
181
161
118
64
27
4
-14
-22
2
42
66
60
60
117
188
186
118
48
-5
-28
-52
-106
-149
-137
-90
4
102
135
150
186
188
146
102
97
103
66
-12
-59
-49
-7
20
37
22
13
39
26
-7
34
80
85
97
100
67
9
-20
-34
-38
-14
49
118
147
163
171
164
140
88
6
-50
-38
9
61
80
64
49
33
28
24
11
16
52
43
-19
-55
-23
60
154
192
171
156
187
184
168
132
112
113
87
38
8
-2
-27
-82
-105
-55
32
105
156
171
138
97
57
51
56
40
8
-4
13
51
70
49
4
-50
-65
-25
13
49
85
105
108
114
89
32
5
23
55
52
1
-34
-12
-6
-28
-14
12
64
129
154
144
113
91
58
1
-18
10
59
106
109
90
93
85
89
86
4
-69
-60
-2
52
75
72
49
27
69
132
135
92
42
-24
-81
-62
-5
6
5
68
136
148
136
163
146
58
20
22
19
7
7
43
121
196
183
121
80
57
40
11
-12
-26
-30
-19
-4
33
97
124
122
98
68
26
-29
-68
-36
9
18
-19
-38
-11
33
99
132
129
145
161
154
115
72
82
101
59
-5
2
73
88
20
-38
-50
-53
5
-11
-12
26
84
129
157
130
103
136
179
162
82
-1
-18
-19
-83
-105
-37
51
107
129
135
132
91
72
90
74
37
24
69
100
83
75
92
93
81
64
22
-45
-78
-19
71
86
66
71
90
121
192
148
34
-100
-201
-232
-146
1
109
150
145
152
195
227
171
72
-11
-77
-102
-98
-76
-58
-28
25
75
128
163
154
153
172
167
141
114
40
-36
-90
-120
-84
10
76
68
25
-2
3
20
45
59
13
-23
18
50
29
59
152
118
20
-45
-53
-5
50
57
40
19
-12
-20
36
109
120
105
85
44
2
-8
11
32
60
103
133
154
148
88
18
-23
-14
-13
-11
41
100
108
105
113
80
41
28
-24
-58
39
145
202
217
194
113
28
25
86
123
102
21
-43
-36
9
43
34
-8
-10
51
122
180
198
137
40
-12
-8
10
-18
-89
18
135
202
221
201
131
39
-54
-113
-62
24
72
82
89
116
152
125
67
44
33
16
-8
-66
-94
-50
23
88
91
64
61
97
122
113
107
118
99
59
-5
-89
-107
-49
-2
37
99
104
76
99
227
203
116
18
-43
-71
-81
-72
-50
-13
37
92
136
118
44
-10
0
52
106
139
102
56
82
133
139
116
75
23
-39
3
11
7
-12
-14
25
71
64
32
39
42
32
21
3
-10
3
55
129
188
210
194
154
125
44
-82
-133
-77
-4
29
28
26
39
67
72
66
69
68
52
23
-4
7
101
135
57
7
45
105
139
141
86
-17
-73
-46
12
42
25
8
53
139
166
132
86
16
-53
-42
43
138
151
