16
-114
-177
-129
-23
43
45
38
72
153
212
202
138
53
4
23
70
58
27
56
90
71
54
21
-41
-6
82
138
201
212
176
147
136
117
97
84
68
21
-84
-203
-199
-41
97
101
37
36
133
250
310
306
215
75
5
43
99
105
80
8
-81
-137
-100
-14
33
10
-2
86
219
268
176
83
60
45
16
3
19
42
39
16
8
7
-36
-89
-50
56
124
129
104
83
84
100
87
56
49
43
28
12
12
45
86
90
40
-13
-56
-92
-90
-39
10
8
-8
49
151
208
214
210
198
169
161
108
18
-20
16
39
-13
-125
-173
-90
20
69
98
144
177
179
180
182
146
58
-19
-54
-33
9
28
25
41
76
81
38
8
58
132
148
150
106
51
83
165
185
123
73
59
55
18
-50
-60
-10
29
48
68
89
98
114
124
89
65
117
176
173
124
86
59
29
-1
11
81
130
133
108
55
32
58
91
85
5
-82
-55
49
116
121
115
138
163
149
105
73
52
6
-52
-108
-141
-123
-98
-85
-37
60
228
216
183
193
77
-6
-39
-51
-74
-100
-85
-54
-46
-82
-103
-58
36
145
210
188
146
168
208
188
124
33
-35
-70
-61
20
139
205
156
59
10
53
131
176
157
98
18
-17
17
37
-12
-77
-103
-68
-6
51
64
27
9
49
98
112
102
88
57
18
1
19
33
6
2
39
29
-12
0
80
147
138
83
44
19
3
37
98
128
121
123
149
166
168
108
32
0
17
28
21
19
23
23
20
44
65
54
75
86
38
42
135
212
184
112
71
38
-11
-22
-1
13
33
41
48
70
100
108
88
53
7
-40
-58
-26
25
54
21
-41
-69
-28
64
133
134
74
8
43
108
109
74
49
53
58
57
38
32
61
99
122
117
89
87
133
147
91
48
51
52
49
44
37
44
90
134
118
60
41
58
48
18
17
33
51
81
89
86
93
103
90
39
4
41
97
100
86
71
43
22
6
3
18
20
-28
-77
-42
48
101
57
-25
-35
11
28
21
39
90
139
149
133
103
89
69
11
-33
-22
13
34
6
-26
-23
19
81
109
65
8
35
70
41
0
17
56
76
105
136
165
179
154
106
70
59
53
54
75
91
89
60
66
107
106
11
-94
-117
-37
21
3
7
59
104
137
165
172
161
140
117
106
107
83
37
40
106
130
108
97
96
86
74
73
71
55
22
11
52
80
67
68
82
82
51
35
38
28
32
35
-4
-76
-89
-52
11
80
113
112
120
132
91
43
42
65
72
67
72
104
125
104
81
55
8
-46
-81
-71
-14
48
91
137
165
152
120
88
36
-25
-41
-3
32
32
41
91
147
160
121
50
-9
-59
-93
-66
7
60
59
41
53
97
147
164
145
97
38
22
88
171
193
116
19
18
82
77
-21
-101
-100
-45
24
86
118
119
129
149
185
153
59
10
12
24
38
48
42
44
32
-4
3
55
104
108
55
-18
-29
25
64
0
-91
-114
-56
60
183
241
203
145
120
100
73
66
40
-23
-55
-26
34
96
93
24
-55
-90
-101
-123
-113
-50
13
65
102
106
121
179
200
136
48
3
1
24
57
54
22
-4
-25
-9
72
154
135
53
8
36
80
70
43
35
36
28
44
80
76
44
56
96
97
65
87
133
109
43
8
21
32
-5
-49
-66
-100
-153
-126
-14
90
137
120
109
112
80
25
18
41
64
81
102
119
91
37
33
70
39
-58
-92
-21
77
112
85
90
134
129
67
42
84
84
2
-33
50
145
132
32
-10
59
132
136
93
39
9
34
74
49
-13
-13
35
23
-25
-28
24
84
67
20
71
171
169
73
22
40
82
99
89
66
55
48
7
-2
34
24
-14
-34
-9
17
27
49
70
49
6
10
48
69
40
20
51
129
186
195
138
83
75
68
38
3
-8
3
40
89
93
1
-69
0
116
150
92
11
-30
-13
59
97
54
17
7
12
49
113
148
144
130
91
37
26
73
117
113
77
51
54
54
39
-19
-82
-56
49
133
114
60
88
138
124
67
26
1
-42
-41
39
118
122
99
109
131
105
6
-90
-150
-172
-132
-19
102
144
104
68
87
137
128
60
7
-2
28
60
65
91
147
132
55
20
33
51
51
71
104
103
67
48
49
16
-28
-45
-29
-4
-7
-27
-38
-8
53
88
98
107
123
151
154
132
107
101
70
17
-34
-45
-35
-10
58
145
154
140
173
204
189
137
74
-1
-53
-50
-9
54
121
154
150
133
119
106
54
-25
-67
-68
-50
-9
48
104
152
178
185
184
138
67
24
3
-12
-25
-70
-141
-146
-36
92
152
148
139
134
130
117
115
97
36
-23
-10
54
121
166
117
38
-13
-18
7
28
28
-6
-22
-9
4
9
-20
-35
5
55
67
52
61
72
64
50
52
59
38
6
34
101
124
105
74
65
70
83
98
90
66
53
56
35
-10
-28
4
25
17
25
84
169
204
160
90
61
68
70
34
-27
-82
-67
-6
13
33
85
101
68
45
61
35
-38
59
44
24
19
19
50
97
73
-14
-74
-17
53
87
122
156
192
217
231
70
36
5
-51
-74
-38
23
42
24
34
75
113
107
91
86
97
92
59
0
-91
-138
-100
-69
-2
115
160
91
56
125
185
171
131
99
85
84
72
38
-37
-135
-166
-113
-14
73
131
162
155
104
56
12
-43
-69
-42
-18
-8
2
11
28
67
129
167
164
152
171
185
168
109
8
-61
-55
-21
6
40
71
61
28
23
32
-10
-57
-59
-24
34
89
119
128
136
148
128
57
-24
-68
-53
-3
57
99
119
139
153
157
153
128
71
17
-25
-50
-18
-13
-68
-83
-40
6
33
67
112
149
155
138
108
74
45
32
4
-20
20
88
113
89
77
75
68
53
28
23
20
-10
-40
-38
-29
-46
-75
-55
25
87
85
88
138
169
167
166
149
114
97
89
66
19
-33
-39
-11
-1
12
83
177
245
250
227
216
203
146
44
-8
1
17
1
-36
-55
-3
117
186
167
125
144
214
251
204
113
28
-21
-46
-27
25
59
72
106
164
192
183
164
135
87
40
23
25
39
53
37
12
10
40
77
89
84
61
34
35
66
68
18
-22
-29
-43
-72
-61
33
120
135
121
130
152
166
163
104
17
-12
6
32
28
-17
-60
-60
-42
-19
17
53
73
82
89
103
117
146
162
123
59
3
2
40
58
52
23
-27
-68
-42
13
90
144
122
73
52
21
-1
20
53
58
4
-37
4
86
134
133
119
89
37
-33
-82
-41
56
131
124
73
72
108
130
160
166
132
98
73
32
1
-33
-51
-34
-10
9
40
74
122
188
200
136
65
32
20
-26
-148
-230
-125
84
168
121
148
232
210
124
82
86
100
57
-8
-9
44
99
160
198
192
147
96
28
-88
-169
-181
-167
-94
8
134
260
325
315
274
213
119
3
-147
-330
-364
-170
67
177
169
139
117
113
134
121
44
-34
-55
-75
-54
-8
18
24
8
27
119
214
215
138
71
27
-5
-56
-78
-25
45
89
131
155
130
88
54
61
96
100
39
-23
-25
-26
-78
-121
-82
-7
34
36
41
82
121
139
115
77
48
2
-57
-61
-1
37
44
41
23
38
109
177
180
148
86
26
19
3
-45
-101
-131
-117
-69
11
120
187
186
155
128
144
163
136
90
52
17
23
42
7
-74
-91
11
136
162
109
104
181
248
253
213
157
74
-11
-85
-151
-139
-18
84
81
32
9
49
107
150
129
23
-42
-5
50
81
88
55
48
80
100
