115
116
89
83
129
168
155
131
97
58
60
64
51
53
67
76
77
88
135
183
200
108
71
51
9
-5
39
117
137
96
61
89
137
157
107
37
-17
-38
7
85
150
185
196
193
180
152
96
28
29
70
101
113
90
80
113
132
104
67
54
87
124
137
121
118
137
112
74
104
152
151
120
97
66
37
49
91
101
65
48
72
97
70
-4
-75
-85
-17
56
107
145
165
182
177
144
108
65
16
20
48
10
-69
-90
4
114
149
129
106
112
139
148
121
84
45
19
-9
-20
-17
-3
2
-43
-104
-101
-70
-100
-92
28
163
176
105
56
45
24
-6
-1
39
70
64
41
28
39
55
43
-9
-54
-49
9
29
7
50
147
201
194
157
119
57
2
6
41
51
22
-4
-14
-19
-35
-25
35
90
97
57
22
54
123
149
129
100
61
45
70
97
100
99
129
151
115
40
6
37
68
39
7
2
26
43
38
36
48
45
36
24
-10
-24
7
48
68
88
107
106
88
64
32
-6
-26
-9
20
25
33
71
116
122
101
85
75
27
-106
-213
-206
-145
-93
-39
42
124
173
193
194
178
141
59
-13
-9
20
-5
-27
18
70
44
-34
-103
-151
-173
-151
-148
-184
-140
-1
131
217
262
261
233
203
149
87
35
-2
-45
-75
-50
-12
-60
-139
-136
-68
-9
7
19
66
122
138
157
187
183
156
141
96
21
-2
43
59
-14
-77
-66
-34
-35
-42
-17
41
108
117
96
91
103
97
45
6
-7
-29
-30
-26
-55
-50
26
115
134
115
105
130
152
122
91
107
132
119
80
69
85
82
57
61
66
34
7
22
34
4
21
132
244
242
161
118
135
165
156
120
99
107
106
100
121
140
145
99
25
34
123
179
148
87
61
87
107
99
105
128
115
90
102
144
152
99
36
23
38
57
72
73
115
162
176
152
85
-1
-27
5
45
59
39
34
40
42
104
186
215
212
208
179
160
146
109
51
-1
-27
-49
-50
-57
-73
-25
83
166
171
107
74
105
84
-23
-137
-161
-98
-17
18
54
120
172
168
145
131
92
19
-69
-105
-67
-5
28
-24
-87
-65
-1
43
112
172
188
167
129
105
82
40
-1
-26
-37
-30
-18
10
45
86
102
73
21
-20
-30
-18
3
3
12
42
49
28
38
75
106
91
84
100
85
38
3
13
55
70
29
-18
16
103
150
101
17
6
91
165
164
152
144
125
100
93
83
54
57
67
28
3
33
89
120
91
54
61
84
75
65
99
120
76
-8
-55
-41
-19
-36
-66
-60
-19
25
25
3
22
89
140
124
74
53
87
117
91
39
-10
-39
-27
-14
4
22
36
96
172
192
152
116
125
138
116
81
57
44
12
-22
-40
-38
-12
27
58
91
153
164
53
3
-7
-43
-97
-120
-100
-60
-73
-90
-39
32
50
55
108
166
168
136
115
69
16
-17
-35
-51
-59
-76
-104
-105
-76
-19
10
-14
-49
-43
23
114
154
154
152
124
69
29
38
76
72
56
89
122
114
81
74
90
101
88
26
-51
-103
-107
-51
3
10
1
17
33
68
141
181
108
-25
-105
-99
-37
32
66
65
52
39
42
59
71
72
80
88
113
92
52
71
136
151
83
8
12
66
112
121
99
103
181
218
180
121
84
68
68
64
67
88
96
86
89
115
134
105
55
5
-26
9
112
195
215
101
-74
-88
49
138
137
121
141
169
173
152
134
83
-34
-161
-186
-88
28
73
56
55
98
124
98
45
10
28
65
70
75
86
106
124
120
100
68
16
-10
-3
-10
-65
-18
60
129
180
192
134
97
57
19
4
19
26
-2
-11
50
155
252
264
181
86
24
-18
-23
38
120
124
71
35
42
71
75
18
-56
-45
22
64
67
72
89
130
156
156
129
73
16
-9
-6
-2
-6
-37
-70
-83
-74
-45
42
171
229
198
161
149
125
88
37
-52
-161
-213
-180
-92
25
122
179
226
258
230
167
103
32
-61
-146
-188
-210
-180
-69
74
154
177
179
182
132
77
81
44
-36
-69
-26
55
114
117
70
-10
-77
-82
-42
-6
24
24
24
56
114
125
74
25
20
44
64
74
100
118
89
20
-57
-61
5
35
-10
-70
-66
23
100
123
149
154
117
73
52
36
18
28
64
98
129
150
182
196
163
101
70
60
39
25
53
92
73
33
18
-11
-51
-70
-23
58
83
84
97
120
139
103
21
-51
-83
-66
-5
24
0
-29
-3
42
70
67
32
25
40
48
60
87
97
77
66
90
93
40
7
11
35
49
39
24
43
90
132
123
52
3
39
97
98
18
-92
-123
9
148
130
40
6
26
70
64
16
27
69
72
58
60
102
168
201
177
105
19
-19
-12
-6
0
2
20
80
153
225
264
231
149
73
61
84
67
26
6
21
53
37
-51
-100
-45
49
119
129
130
139
148
109
49
-19
-78
-92
-65
-3
65
81
59
67
121
154
128
77
71
123
172
171
148
101
66
25
-28
-53
-24
12
5
-51
-54
58
188
202
135
92
129
188
155
23
-84
-110
-114
-83
-3
86
154
183
150
145
197
220
149
9
-103
-108
-20
50
68
105
165
169
147
146
149
132
58
-34
-102
-135
-147
-121
-61
9
101
203
280
330
327
257
168
83
-13
-113
-173
-177
-110
-19
43
66
42
43
106
163
138
54
-14
-24
8
36
60
107
147
122
57
-7
-40
0
70
53
-5
6
85
147
147
85
32
27
43
20
-26
-50
-22
26
44
18
-23
-35
-10
18
43
26
-17
-24
23
76
60
13
2
28
70
73
44
20
32
57
58
26
-6
11
58
60
4
-50
-35
8
26
-11
-41
-17
-8
19
85
150
149
83
11
-10
20
58
28
-28
-22
44
121
149
136
100
76
61
-2
-88
-101
-22
34
61
86
123
164
200
226
234
236
197
124
0
-120
-121
-29
18
-37
-81
9
151
201
166
145
135
74
-11
-68
-37
48
105
102
100
128
152
153
131
82
1
-71
-84
-57
-46
-51
-51
-35
9
19
-3
23
125
208
199
146
96
69
72
72
-19
-134
-134
-17
44
28
40
99
148
172
182
134
100
70
33
5
35
82
67
-4
-51
-51
7
98
112
65
66
134
184
196
188
136
43
-123
-83
-8
49
68
60
75
124
140
124
99
28
-56
-88
-67
-34
24
112
162
154
128
128
136
138
76
-38
-104
-73
-39
-69
-102
-60
23
83
91
75
86
130
169
188
180
134
68
0
-37
-25
0
17
21
19
17
8
5
24
50
65
87
107
112
122
150
139
82
20
-24
-37
-26
-13
5
45
91
136
156
146
133
121
102
99
83
52
44
76
86
73
91
108
84
13
-24
-1
53
102
107
45
12
87
194
193
99
20
37
99
107
52
17
48
73
49
28
25
6
-1
-20
-41
-17
33
90
139
138
105
90
109
128
122
122
69
-42
-114
-20
21
40
64
83
87
81
85
97
84
27
-51
-75
-23
6
-9
-6
52
100
81
38
24
59
113
128
102
86
86
66
26
-1
-28
-61
-51
-14
86
182
204
165
152
193
194
122
54
12
-43
-98
-30
90
116
72
37
56
115
132
77
17
-7
-10
-54
-121
-125
-53
65
172
187
146
125
138
151
125
49
-14
-5
27
56
51
22
5
-8
-24
-24
24
91
105
85
90
99
98
96
70
-7
-93
-74
24
92
100
98
101
89
86
99
96
100
105
86
43
21
9
19
36
2
-43
-13
39
57
64
98
131
129
124
123
120
107
91
69
32
-20
-35
-2
7
-11
12
60
66
68
82
89
59
7
-14
52
138
140
105
102
122
161
146
70
17
12
