7
91
123
122
99
74
75
36
-18
-40
-35
3
43
101
197
272
249
164
75
26
18
1
-26
-5
45
55
19
-20
-23
-3
-28
-57
-51
-26
27
82
80
66
69
66
37
18
40
101
121
76
39
50
89
73
-22
-106
-97
-14
57
85
85
107
156
213
224
169
98
35
3
7
8
-26
-25
38
98
129
148
153
147
129
124
118
64
8
-9
0
33
27
-10
-6
16
12
-4
-8
32
69
66
65
69
72
91
97
76
65
36
-23
-58
-18
38
39
22
64
125
118
88
97
119
149
168
149
104
64
40
22
-8
-40
-43
-54
-74
-40
11
60
108
123
103
102
148
166
122
88
40
-20
-39
-29
-42
-84
-98
-28
43
39
-6
-9
42
72
53
34
57
114
151
155
160
149
103
43
11
21
48
40
0
-20
20
87
103
72
37
24
16
-43
-117
-117
92
83
54
85
165
234
244
209
169
152
160
171
182
150
57
-40
-88
-68
-11
55
73
-2
-49
53
182
182
120
101
106
112
116
117
97
54
-2
-58
-67
-20
34
74
74
21
-23
-30
-2
39
77
100
74
20
-2
43
102
135
131
97
76
73
60
43
36
42
35
19
48
97
88
66
68
44
8
-1
23
50
19
-65
-119
-60
48
69
-8
-51
22
124
153
121
124
145
123
89
49
19
26
66
84
40
-23
-41
-35
-60
-77
-52
-7
49
98
131
182
247
258
193
114
40
5
4
-12
-75
-145
-167
-101
23
99
102
117
152
165
179
186
160
113
68
16
-25
-35
-26
-19
11
60
81
67
25
-21
-7
75
139
144
120
105
84
65
56
68
68
38
-8
-39
6
59
40
38
92
129
83
16
-4
3
9
36
70
90
59
-6
-33
33
88
73
42
25
32
85
128
101
23
8
69
67
0
-39
-30
-35
-4
70
106
102
114
172
229
204
139
101
99
99
57
-67
-188
-193
-114
-46
3
49
86
122
173
208
196
136
93
76
32
-35
-81
-65
-11
25
43
70
83
96
90
73
74
100
116
106
81
72
88
113
161
209
203
153
88
33
16
42
64
60
45
28
-12
11
-2
-8
37
85
115
121
107
86
65
67
67
53
51
84
136
145
104
76
72
41
-25
-53
-34
10
76
100
103
153
198
184
161
141
106
59
19
-26
-65
-75
-38
21
67
99
152
212
189
107
65
58
23
-22
-23
0
-14
-57
-43
19
81
100
71
-2
-58
-65
-49
12
101
136
97
38
10
20
13
-52
-116
-137
-109
-9
113
165
153
150
176
181
144
66
-38
-72
10
100
89
50
44
69
103
138
154
154
131
104
82
41
-35
-70
-27
39
104
132
138
172
208
72
-5
-7
26
56
85
116
146
152
84
-49
-118
-83
-23
21
29
24
69
153
187
133
26
-58
-67
-25
12
48
69
74
59
55
77
124
188
75
13
-5
-43
-92
-67
20
104
164
214
250
258
226
164
87
-25
-199
-332
-309
-149
-20
17
28
90
178
209
181
144
137
118
25
-53
-35
11
32
38
36
38
49
64
66
43
-5
-27
-11
21
28
19
52
120
154
153
124
83
49
23
8
-5
-20
-45
-53
-26
6
10
10
16
4
28
101
137
105
49
27
68
108
113
60
-6
-17
25
44
40
35
49
52
-13
-107
-117
-36
33
56
55
49
71
120
138
91
1
-84
-89
-37
55
161
205
195
139
84
65
76
69
24
-1
39
52
3
-18
16
73
100
48
-23
-26
57
148
149
35
-138
-259
-178
19
160
184
130
74
85
148
192
163
60
-41
-94
-107
-74
-10
41
67
82
99
116
157
187
140
58
-17
-72
-42
5
-10
-25
61
166
202
208
185
138
102
89
80
10
-20
13
66
70
48
59
103
128
107
52
6
-1
-2
0
24
34
5
-21
4
44
42
9
-27
-25
11
28
12
17
51
42
4
-2
39
59
65
103
148
131
99
99
89
69
43
27
17
-1
-2
26
57
72
41
-6
-40
-26
3
-3
-55
-55
53
141
154
152
164
165
140
92
32
-11
-66
-105
-68
-11
23
41
74
121
160
188
141
43
9
54
99
91
59
70
125
172
178
129
98
104
98
65
81
152
200
193
162
148
153
133
57
-21
-20
32
51
3
-34
18
99
138
125
98
70
92
104
48
-14
-20
18
39
58
77
73
64
56
54
53
43
39
50
53
81
129
146
138
121
84
56
42
-1
-46
-43
9
45
53
53
75
132
185
202
180
136
101
70
24
-26
-37
-12
2
17
22
12
18
56
138
181
130
64
36
48
37
11
51
101
97
50
16
53
100
98
92
98
48
-21
-49
6
75
69
28
19
50
92
123
122
88
9
-55
-61
-28
2
5
-21
-2
97
197
229
188
115
69
48
4
-74
-142
-139
-83
-1
81
116
109
119
149
141
105
65
26
-7
-70
-134
-131
-66
50
154
183
189
237
299
321
267
161
23
-114
-215
-245
-173
-73
1
38
83
145
144
88
53
42
13
20
92
147
136
98
66
40
7
-12
-21
-42
-56
-52
-36
17
88
119
61
-28
-23
88
182
193
151
119
101
38
-38
-73
-35
24
26
17
21
73
224
336
256
76
-30
-35
22
65
49
0
-41
-26
39
101
106
42
83
92
8
60
108
131
124
99
58
25
27
56
52
-3
-71
-106
-61
12
1
-65
-58
17
82
87
64
36
25
27
53
92
108
68
18
29
85
130
153
167
161
108
59
61
82
80
70
58
21
-67
-103
-27
72
90
36
23
77
123
149
164
139
85
35
-5
-5
39
76
55
36
53
69
59
39
57
106
117
59
23
57
135
172
102
10
-35
-53
-8
69
85
55
53
105
164
193
176
120
69
20
-3
-3
-3
20
67
108
98
53
53
104
177
214
192
152
137
109
65
2
-71
-70
-5
24
2
-6
61
152
176
132
81
36
-8
-42
-33
23
80
103
117
83
36
49
105
97
-3
-134
-166
-78
34
77
51
17
48
133
196
195
121
28
1
-6
-7
28
70
51
40
86
153
188
155
101
58
29
-20
-87
-103
-58
-11
55
130
123
81
76
116
120
87
49
24
21
40
64
88
112
106
40
-25
-53
-39
-5
23
24
8
-11
-12
33
103
136
99
38
16
40
83
100
96
57
33
12
-39
-122
-120
-14
58
44
24
38
72
116
135
120
82
50
19
5
43
103
124
106
83
77
71
60
66
69
74
89
96
68
0
-60
-65
-23
-3
-13
-5
-3
-55
-73
48
202
250
200
152
118
85
112
149
109
43
38
84
131
120
57
28
41
32
-40
-89
-52
16
81
144
176
151
98
45
12
-12
16
101
160
156
134
91
81
83
37
-12
-21
-25
-21
28
90
96
67
44
33
-1
-54
-53
10
67
89
87
80
41
2
10
39
29
-4
-13
34
121
209
236
184
116
97
113
113
52
-22
-35
4
39
18
-17
-4
68
131
140
98
74
112
153
138
73
35
34
50
86
117
72
-23
-46
38
130
144
74
16
37
144
219
228
217
198
178
150
122
112
102
35
-120
-251
-243
-126
-40
-28
-1
99
183
198
172
109
33
-11
-30
-38
38
45
12
-19
-29
-12
20
45
66
106
136
139
140
114
70
35
6
1
6
13
54
107
112
67
51
41
-6
-58
-129
-178
-103
53
166
199
213
241
250
221
168
106
42
-54
-134
-110
-35
0
10
39
54
51
97
230
227
178
103
-8
-61
-1
54
18
-28
-17
19
29
29
21
-13
-54
-57
-25
23
66
97
105
99
93
74
26
-6
-8
-29
-42
-12
17
35
44
74
84
68
65
80
89
74
37
-4
-27
-40
-18
12
23
22
