27
41
19
-23
2
49
35
21
41
74
108
145
163
152
135
98
28
2
66
115
83
48
66
103
118
99
90
100
100
74
11
-59
-65
-1
56
97
108
112
130
152
154
119
80
35
2
25
84
88
50
25
40
74
104
107
75
26
-5
-10
8
33
39
-7
-76
-71
8
44
28
58
128
154
121
73
40
16
-9
-41
-88
-129
-97
24
128
149
120
108
131
135
91
29
11
37
51
45
37
39
28
27
29
38
93
136
141
148
156
139
66
5
33
38
-10
-25
50
139
139
106
98
103
122
140
134
92
49
37
36
17
3
12
49
85
60
12
25
82
103
100
89
45
24
40
19
-33
-33
24
84
130
165
134
59
9
27
71
57
-1
-74
-107
-26
83
105
37
-22
5
53
65
69
104
160
194
163
89
53
73
60
-2
-38
-13
42
82
104
101
67
60
88
136
153
117
85
81
86
98
103
81
-2
-70
-73
-5
39
70
92
121
151
171
181
173
168
156
130
72
-3
-54
-68
-61
-51
-43
0
56
51
-5
-36
-23
-46
-98
-90
18
36
54
89
134
147
123
71
12
18
67
85
92
106
86
34
1
-35
-102
-115
-11
72
57
32
42
64
58
39
6
-9
18
43
41
43
59
55
42
53
65
28
-8
0
60
106
86
20
-17
-11
7
8
10
24
33
51
85
86
66
83
108
105
92
52
-7
-26
0
34
23
5
33
118
204
240
212
163
160
180
168
150
99
-26
-97
-41
58
116
97
39
16
44
80
115
102
27
-11
26
66
50
22
24
26
32
50
75
99
121
165
215
212
156
71
0
-28
-20
-12
-56
-77
-43
33
102
112
86
75
92
147
169
117
22
-28
-5
60
84
32
-12
27
84
106
116
115
112
100
39
-29
-9
66
90
56
21
-6
-33
-45
-28
19
5
-55
-69
-4
57
53
19
41
117
162
120
56
56
83
97
86
42
-29
-99
-81
26
141
156
106
89
99
105
87
36
-1
-27
-55
-8
68
112
122
134
148
163
149
86
35
17
-10
-24
8
98
182
145
17
-70
-29
7
-6
-5
71
133
122
98
92
97
44
-71
-100
-6
73
86
81
89
115
113
80
55
50
57
74
75
50
-4
-25
-20
-14
5
28
20
16
41
67
57
32
34
61
88
98
97
107
124
144
161
118
3
-97
-94
-17
76
107
64
55
97
141
185
161
108
91
105
74
8
-11
26
71
89
72
55
72
84
77
44
-26
-87
-118
-146
-139
-53
76
129
83
53
119
225
251
194
118
74
40
-38
-117
-149
-142
-102
-3
134
213
171
114
134
189
179
67
-58
-77
-3
37
-10
-115
-198
-179
-20
130
168
150
226
244
210
151
66
-50
-149
-161
9
61
84
104
121
138
140
154
169
163
151
129
85
38
-22
-81
-97
-90
-105
-60
6
26
35
72
146
181
139
80
42
20
13
33
60
75
52
6
-8
-42
-133
-164
-85
19
77
87
108
155
186
187
182
177
168
120
38
-11
-13
8
23
12
-30
-77
-67
-4
57
82
75
77
84
85
82
116
144
105
38
9
42
70
67
51
11
-54
-124
-138
-53
76
192
224
231
248
216
167
139
105
9
-100
-145
-108
-37
36
70
66
66
65
59
74
144
214
193
141
105
67
38
16
-7
-28
-35
-12
38
68
53
37
71
136
140
57
-23
-108
-53
51
107
112
128
133
134
166
193
138
53
27
58
56
-3
-69
-78
-71
-50
-7
32
43
24
42
116
177
129
10
-39
-38
-19
27
112
189
212
166
101
33
-21
2
9
43
80
107
176
201
132
45
18
42
76
93
87
71
51
38
70
113
92
36
9
66
135
132
72
23
21
50
72
74
81
98
84
18
-19
-11
-12
4
33
91
153
162
125
105
97
40
-29
-49
4
70
70
3
-41
-35
10
60
41
-13
-9
101
193
189
151
145
164
149
106
96
98
66
5
-40
-35
32
84
26
-57
-10
148
230
202
154
146
154
107
12
-11
22
2
-69
-60
51
165
179
100
55
77
86
40
-8
-50
-85
-67
17
89
65
-25
-82
-25
64
114
133
133
103
38
-38
-67
-28
22
85
137
214
248
197
112
36
-39
-106
-162
-171
-116
-41
10
51
44
-8
-42
-10
37
37
11
23
83
123
120
96
72
60
57
86
100
48
-37
-115
-116
-51
-21
-45
-13
113
219
230
188
150
146
145
103
12
-66
-76
-18
67
106
84
49
91
152
160
138
93
58
43
65
87
67
-6
-53
-22
28
61
98
109
102
83
77
72
44
28
49
45
-3
-20
16
84
161
199
151
84
65
71
51
36
53
56
58
81
113
123
73
-12
-65
-53
4
43
10
-8
12
28
39
55
70
58
35
42
83
120
115
58
-3
-38
3
108
163
120
82
104
133
106
48
-9
-92
-227
-249
-98
119
235
228
192
192
212
218
201
151
37
-83
-138
-138
-116
-40
-6
-76
-131
-66
42
109
137
156
177
178
167
156
119
59
16
9
56
115
116
38
-76
-153
-134
-65
-10
37
115
179
192
187
165
114
72
36
6
7
10
-6
-19
-33
-92
-138
-101
-2
118
233
282
263
231
215
167
80
-23
-84
-83
-40
20
69
75
35
-14
-65
-83
-20
56
89
75
81
118
97
19
-14
1
38
80
107
104
50
16
57
128
138
98
65
51
43
33
18
0
-4
10
8
-14
-7
51
96
87
55
24
12
22
51
59
59
68
33
-57
-119
-117
-91
-60
-8
49
82
107
151
194
196
150
88
66
98
125
65
-55
-121
-115
-88
-59
-13
21
39
81
131
146
144
154
163
132
103
72
5
-33
-24
-4
1
-5
4
44
106
167
184
163
125
91
89
85
26
-37
-78
-104
-93
-50
16
85
134
166
183
195
184
139
48
-46
-90
-60
-11
39
106
164
169
136
112
102
87
71
45
38
49
24
6
27
70
119
150
140
115
73
32
9
-3
-54
-110
-98
-52
-12
36
86
91
80
83
68
41
21
16
-6
-12
7
13
-17
-45
-22
38
112
145
108
55
16
0
21
59
26
-51
-23
104
218
266
266
235
204
177
139
93
22
-54
-106
-125
-92
-17
25
-6
-58
-25
84
182
176
176
149
113
82
18
-69
-106
34
51
132
205
213
173
130
97
69
39
2
-9
-19
-50
-41
-2
-18
-60
-49
55
180
216
202
224
220
168
102
42
-20
-45
-11
-5
-21
-11
18
40
41
9
-12
13
80
105
77
42
34
28
4
-17
-3
4
-4
-5
28
109
202
246
213
164
163
161
107
44
-4
-29
-11
36
69
52
28
66
137
230
263
203
134
114
101
60
27
-3
-26
-45
-54
-30
26
86
140
167
148
107
64
44
57
55
11
-59
-132
-126
-69
-58
108
118
98
108
124
100
18
-97
-120
-18
103
180
231
213
146
71
55
49
-13
-132
-215
-169
-28
38
17
-3
53
163
243
260
208
147
129
119
100
85
103
131
34
-152
-226
-115
35
80
52
42
77
139
213
257
219
133
53
11
-3
-42
-85
-100
-65
-11
-21
-29
43
152
198
192
164
115
72
42
28
23
-10
-56
-55
-61
-89
-76
-7
60
117
188
219
182
149
124
65
5
-3
51
104
118
92
43
8
-4
-7
-4
-19
-33
-12
34
82
103
122
103
27
-12
34
118
160
117
40
-6
-22
-10
5
-8
-28
13
105
162
157
121
87
92
96
44
4
25
49
28
-2
33
122
168
128
71
59
65
36
3
2
35
50
53
100
166
184
138
67
18
10
35
34
4
-17
-13
5
56
114
133
105
97
