34
20
7
27
74
85
26
-41
-71
-19
53
73
82
129
256
228
232
215
134
33
-10
1
-7
-54
-81
-58
1
50
76
88
100
104
113
164
194
99
-13
-33
68
180
186
161
148
112
58
49
98
145
121
57
48
89
120
125
109
74
5
4
80
99
82
84
112
130
105
89
85
41
-13
-26
0
10
-4
-13
-1
3
53
179
274
245
154
131
152
166
139
80
41
52
93
128
107
37
-18
-1
22
11
13
77
157
181
184
172
117
7
-100
-99
-23
22
77
148
212
259
257
209
169
157
122
59
-5
-43
-20
29
50
38
35
41
80
120
104
52
33
36
19
9
49
91
103
99
96
91
68
11
-34
-1
35
56
135
236
285
278
216
125
26
-19
2
9
1
21
41
50
52
32
20
37
57
56
51
97
155
156
131
130
133
109
82
59
41
2
-8
19
16
-102
-60
33
120
132
98
73
58
20
-12
7
54
80
67
33
27
68
107
118
92
49
11
17
59
109
121
85
38
19
35
25
-49
-105
-85
10
137
169
122
89
100
107
85
42
29
39
49
66
92
124
137
131
101
44
-6
-37
-14
35
50
32
12
42
112
156
148
136
164
193
181
141
93
57
52
71
28
-61
-109
-81
-41
-7
54
97
76
72
116
145
80
-40
-106
-84
-1
57
21
-22
-3
72
147
154
117
99
114
125
107
99
108
113
65
-9
56
106
99
52
40
114
172
153
87
25
6
16
4
-49
-65
2
99
135
112
104
139
178
151
86
55
44
45
53
55
68
44
-27
-71
-39
12
49
55
67
116
155
134
84
56
70
73
9
-33
5
92
179
209
181
146
133
130
109
68
13
-18
-97
-39
2
12
42
125
177
178
176
194
209
186
115
24
-21
-27
-5
42
83
88
51
-4
-9
36
42
-9
-65
-82
-28
38
49
13
-7
27
93
109
68
33
36
68
92
93
73
44
10
-17
-21
-14
-19
-7
19
37
-22
-101
-49
99
167
140
117
144
193
199
148
71
10
-11
1
20
3
-39
-50
0
41
56
101
116
65
23
43
91
119
93
25
-57
-100
-56
6
-8
-110
-164
-84
51
102
108
135
187
184
153
98
57
26
-42
-60
-68
-22
20
28
40
99
149
148
120
100
71
49
35
27
50
69
77
76
42
2
-7
17
71
116
108
64
49
57
59
69
115
140
106
55
65
102
70
-18
-67
-55
-17
19
27
32
45
51
43
21
17
51
90
108
106
82
89
129
124
68
28
16
24
83
120
120
108
92
91
97
70
-3
-72
-90
-73
-27
19
56
93
106
73
52
90
152
166
122
84
82
104
123
140
149
129
86
67
74
81
83
55
1
-38
-50
-10
66
108
80
22
16
55
82
42
-25
-36
20
68
74
67
91
101
55
19
38
66
61
43
53
96
108
64
-9
-81
-115
-103
-35
26
17
-42
-42
29
87
54
-35
-97
-87
-18
74
131
167
192
171
132
121
157
151
72
-11
-73
-117
-124
-109
-70
8
71
76
84
100
76
55
97
133
98
25
10
45
57
16
-39
-41
-11
-17
-33
-24
-1
8
-5
-11
27
73
57
19
38
92
122
101
55
3
-75
-126
-110
-61
-18
-18
-30
6
85
114
99
97
97
50
-22
-49
11
83
86
88
116
123
104
103
121
98
18
-70
-129
22
86
80
56
73
102
92
68
89
84
10
-57
-67
-57
-50
9
81
76
56
99
156
161
140
134
105
87
104
130
128
115
125
121
77
34
27
52
55
3
-34
0
44
56
38
23
50
85
105
98
64
42
70
109
86
22
21
108
198
195
113
69
89
107
86
26
-20
-10
49
92
66
10
-26
-33
12
67
100
98
98
121
139
149
131
97
73
59
76
128
166
180
160
86
55
88
135
147
118
53
34
91
106
35
-10
-37
-70
-53
-10
28
89
137
140
125
97
77
68
69
64
43
49
43
29
32
66
121
130
56
4
52
115
120
120
162
173
115
44
38
77
103
98
74
24
-12
-3
41
77
99
100
90
76
84
84
32
-18
-5
38
56
42
50
119
201
230
199
136
70
27
34
58
44
27
35
0
-55
-40
41
117
129
118
137
162
152
124
81
7
-71
-129
-123
-69
-4
44
76
99
104
56
35
69
64
-5
-61
-49
26
83
59
19
9
34
9
-45
-38
23
39
3
2
69
134
130
66
-13
-62
-77
-75
-11
99
164
153
137
155
167
155
104
19
-30
5
42
20
4
48
100
89
49
34
50
74
87
66
55
61
53
3
-30
25
117
121
39
-24
-13
16
18
7
20
50
74
66
45
38
38
41
10
-37
-69
-56
24
116
128
66
42
88
146
150
114
67
6
-37
-38
-18
2
8
-18
-26
19
80
121
144
137
118
102
119
116
42
-19
-22
3
27
34
18
-23
-57
-46
-5
33
65
80
81
101
130
102
53
8
-2
20
23
9
7
10
39
104
150
121
53
24
50
72
51
21
16
23
44
40
17
23
70
103
112
66
4
5
23
1
1
51
129
171
98
-45
-132
-82
10
26
16
36
113
199
225
183
97
34
17
22
18
4
-2
3
5
7
55
120
104
32
19
92
178
192
130
44
-2
-19
-27
-17
21
48
56
40
20
55
112
129
88
44
49
92
138
147
89
29
22
45
45
-9
-45
-22
22
27
-11
-42
-53
-29
19
74
137
188
203
165
89
56
72
98
65
7
-5
28
97
120
59
-23
-77
-102
-59
34
103
118
128
167
197
161
73
8
-3
23
32
-4
-3
50
98
80
28
34
105
178
185
135
54
-1
-17
7
33
45
84
131
122
97
99
105
69
8
-36
-51
-24
24
52
38
41
91
151
154
87
57
72
87
87
64
21
-24
-81
-119
-102
-18
70
103
73
21
25
86
147
164
137
119
120
113
81
48
2
-62
-104
-58
-22
50
114
153
214
259
219
131
69
68
83
67
45
8
-38
-49
-38
-20
8
18
11
35
90
108
71
22
8
22
36
39
25
22
37
50
41
12
-25
-67
-104
-67
72
195
209
172
146
134
148
148
104
40
-10
-35
-36
-1
74
109
50
-29
-55
-53
-21
51
98
89
58
43
76
133
176
147
59
-28
-60
-4
82
134
118
54
4
2
11
1
-58
-122
-98
-5
82
154
203
162
102
51
50
55
29
18
41
68
81
77
50
-2
-4
1
3
54
120
139
108
70
71
84
89
82
60
9
-30
-2
74
133
150
103
41
20
22
16
-13
-35
-10
27
52
45
52
69
56
4
-58
-53
26
73
54
76
88
24
-20
10
80
120
117
83
91
151
202
179
98
28
3
-10
-8
16
37
48
24
-28
-93
-101
-57
34
128
169
198
219
209
177
124
44
-12
-35
-14
64
144
135
57
4
2
32
60
55
38
68
146
188
164
104
54
13
6
21
20
19
54
81
52
22
41
66
56
36
22
26
41
23
-3
3
4
27
85
140
169
147
122
134
112
8
-69
-28
39
61
50
19
-6
9
76
138
117
59
40
80
149
193
156
71
0
-13
9
40
66
96
112
100
97
124
145
130
96
54
41
36
-10
-60
-58
-7
38
51
56
67
101
155
210
208
118
32
28
56
54
42
12
-21
-76
-119
-99
-42
18
74
154
215
215
212
216
193
117
6
-54
-56
-49
-58
-90
-85
-8
26
-1
-24
-12
12
64
114
144
153
119
42
-21
-6
60
77
24
-12
-10
3
12
34
65
82
96
104
99
89
71
42
16
-35
-81
-11
108
149
132
99
59
64
130
168
115
