5
-52
-42
-1
52
84
87
88
97
103
74
13
-1
13
17
28
23
-30
-68
-52
-11
8
10
56
122
168
185
160
153
120
42
-33
-51
-17
39
55
24
-6
22
88
130
124
91
70
77
85
55
59
86
92
71
49
35
49
77
80
52
26
39
70
106
144
172
178
150
102
59
29
-3
-40
-54
-60
-60
-12
87
168
89
55
72
74
68
69
49
20
51
125
172
148
72
37
60
84
50
12
22
54
57
34
7
-28
-43
9
65
65
49
28
17
38
84
89
41
6
25
70
66
16
-14
-10
-21
-17
51
102
67
17
34
103
137
92
27
-6
9
69
105
108
104
118
145
107
17
-22
35
37
-45
-58
-17
21
101
198
229
183
115
64
24
-17
-59
-110
-162
-149
-65
5
36
60
87
102
109
103
83
84
90
59
25
54
101
101
72
58
98
115
71
22
39
90
100
36
-26
-21
-40
51
75
80
80
61
49
80
106
83
49
66
101
101
82
73
68
36
7
-20
-39
-26
20
55
66
51
25
51
113
137
113
92
101
88
49
7
6
26
26
12
0
-9
-4
-18
-33
11
84
117
106
97
128
169
163
101
29
-24
-53
-49
-22
17
58
72
66
73
93
120
138
147
102
13
-27
-13
18
34
26
24
57
81
72
76
98
114
107
73
59
97
113
82
57
67
86
81
68
82
84
50
40
66
83
59
3
-36
-33
8
82
146
162
131
80
57
86
103
81
24
-38
-69
-87
-120
-116
-70
-41
-7
26
32
33
96
177
194
155
105
53
6
11
43
26
10
57
132
154
100
59
107
153
138
102
73
59
65
70
65
68
71
25
-58
-101
-55
20
84
103
93
114
154
173
132
57
-13
-66
-49
33
85
58
28
53
88
91
50
-12
-54
-56
-13
49
100
113
106
119
154
177
140
64
10
25
51
36
-5
-17
2
27
58
73
43
18
24
64
109
138
119
75
53
43
11
-21
-49
-43
-7
3
-6
4
38
81
80
55
42
81
164
201
164
83
33
52
96
96
64
29
48
60
20
-14
-2
34
56
54
70
99
128
133
119
101
88
83
64
26
22
37
26
34
37
17
6
39
67
74
71
43
6
20
72
81
42
24
35
52
44
34
20
-10
-34
-42
-38
-1
70
134
139
123
102
86
96
132
139
100
34
-2
25
88
115
97
82
65
28
13
43
81
73
25
-21
-18
8
4
-42
-68
-34
-5
-33
-35
24
102
173
185
151
131
140
152
114
57
20
-11
-28
-11
5
3
-18
-34
-19
-5
-2
28
84
119
151
168
123
40
24
104
162
137
93
92
114
121
102
70
50
25
4
9
36
56
45
9
-28
-39
-49
-89
-81
-27
17
35
42
41
20
-6
-3
38
81
100
122
141
119
84
66
66
44
22
-7
-46
-43
-7
37
91
138
167
168
149
120
85
50
24
3
-17
-53
-101
-119
-85
5
101
141
144
153
169
178
177
145
87
53
41
32
39
56
59
3
-52
-22
51
73
34
-3
33
117
182
193
162
121
96
75
65
28
-1
19
41
39
53
71
75
70
80
90
91
53
-9
-21
48
97
82
43
36
37
1
-53
65
80
74
34
33
70
76
35
-3
17
67
105
122
119
115
118
104
61
-9
-73
-61
6
35
27
64
124
156
132
87
59
50
29
16
34
84
131
121
101
150
220
34
-3
27
84
100
83
91
88
68
59
43
4
-33
-36
-3
11
-17
-82
-119
-59
65
165
192
164
141
144
152
155
132
64
-11
-26
-7
1
6
40
72
73
77
86
49
-9
-27
19
113
165
128
69
71
129
187
183
88
-50
-104
-54
48
107
87
50
56
102
113
51
-26
-52
-33
-21
16
74
102
98
82
82
91
88
97
109
83
51
40
66
80
22
-38
-40
-25
-45
10
51
48
51
65
17
-61
-56
3
21
-11
-28
61
202
263
199
108
77
69
48
38
60
76
48
17
22
50
60
50
18
-20
-21
34
67
37
-23
-42
6
68
86
64
44
50
28
8
28
81
101
65
40
66
114
136
115
85
51
22
42
81
92
96
67
16
-24
-21
23
24
-9
-3
32
23
-6
0
26
76
129
124
69
45
100
173
187
136
87
117
154
125
85
102
118
98
41
-20
-30
17
68
89
65
-6
-113
-133
-52
27
64
48
9
7
44
96
144
177
166
123
101
100
57
7
-5
-8
-26
-38
-19
9
23
41
104
163
122
4
-49
-7
64
86
44
6
7
50
93
108
119
114
92
60
27
23
38
51
34
-11
-24
4
70
130
132
81
18
-17
-33
-54
-69
-59
-62
-84
-60
41
168
220
192
123
75
54
57
58
48
49
53
-11
-98
-65
8
48
74
119
160
152
165
200
196
134
64
-17
-92
-109
-92
-40
4
-7
-27
6
91
169
214
237
230
162
60
11
17
42
81
83
54
21
3
-7
-10
9
26
2
-8
42
124
183
182
136
90
67
83
100
53
-35
-67
-23
11
-20
-46
12
115
180
160
115
102
83
51
24
5
7
25
28
25
38
34
6
-7
19
81
155
212
244
262
260
220
138
57
9
-21
-75
-122
-101
-22
7
-10
-2
34
55
72
114
154
193
217
214
196
166
54
-62
-67
36
83
49
43
96
148
163
157
168
162
107
37
-14
-39
-23
-2
-4
-22
-34
-4
-3
-132
-52
57
116
114
71
54
73
116
138
91
2
-36
-19
-9
-30
-14
43
82
61
19
24
75
96
84
68
26
-8
-10
8
42
41
24
55
93
72
28
19
55
87
68
51
86
145
167
150
151
193
193
136
109
133
124
61
1
-34
-52
-60
-28
8
-5
-41
-36
-4
38
77
101
77
37
55
109
155
149
99
49
2
-30
-33
4
13
-24
-53
-55
-50
-3
23
-3
-11
56
139
166
160
135
112
114
108
55
17
44
58
16
-12
24
55
66
86
73
53
84
151
184
102
24
-8
20
49
24
-3
34
103
152
178
176
139
107
80
43
3
-4
1
-25
-60
-83
-68
-22
11
38
85
115
131
139
121
105
97
76
73
75
41
-39
-89
-73
-49
-17
19
32
29
38
51
57
37
-23
-77
-88
-69
-21
28
16
2
81
164
178
134
103
89
77
64
61
55
27
-12
-58
-72
-38
23
87
128
97
51
81
150
156
96
26
2
8
10
24
42
42
48
21
-57
-59
40
113
138
182
204
185
153
122
87
41
4
-33
-99
-119
-45
64
137
148
113
83
91
133
169
140
119
88
39
4
-14
-46
-92
-109
-67
1
25
26
25
19
36
89
152
194
165
105
93
97
44
0
3
24
5
-5
25
85
148
189
177
96
-9
-75
-60
-1
28
16
-2
2
21
10
9
76
146
147
86
21
-18
-14
9
59
96
98
87
75
69
71
92
102
53
-10
-30
-6
35
71
71
57
59
68
71
73
43
-25
-70
-50
5
27
25
37
52
72
93
103
92
86
82
80
53
24
42
70
43
21
56
108
132
104
64
74
112
117
75
23
17
27
-25
-89
-59
-20
7
84
150
166
156
129
108
99
67
7
-50
-56
-7
66
90
82
88
99
82
37
3
10
56
68
39
23
52
85
58
7
-1
29
68
89
85
37
16
69
140
180
162
105
81
66
54
85
137
154
132
84
34
21
-1
-51
-51
-5
33
37
6
4
67
129
102
34
4
-1
-35
-40
7
83
123
84
39
39
83
153
183
165
148
133
86
55
80
105
98
83
43
-27
-70
-74
-52
-7
1
-33
-45
49
221
299
225
121
89
