8
-3
-7
-2
9
37
49
54
73
85
81
67
33
28
53
54
22
-5
16
90
101
43
6
-3
-25
-24
11
50
40
9
21
57
93
109
118
113
82
48
45
60
51
23
-10
-39
-18
3
-28
-18
43
37
-9
-5
75
147
131
75
72
64
28
-8
-56
-51
50
151
167
86
28
65
100
69
33
12
7
36
80
96
101
102
112
96
40
16
23
20
3
0
-2
-28
-23
58
144
148
133
128
128
128
103
55
28
16
12
28
53
65
51
53
103
107
73
80
98
105
129
138
99
44
26
57
76
43
56
119
88
20
22
80
135
144
103
69
82
98
80
72
65
-3
-69
80
37
13
56
35
-22
0
73
107
73
6
-35
-24
43
107
64
-37
-77
4
108
104
55
39
38
42
84
105
82
64
81
105
103
59
1
-33
-17
34
75
107
114
41
-17
-29
-21
12
55
73
97
160
220
218
172
118
60
12
-34
-66
-42
-11
-21
-3
55
67
3
-24
26
77
80
66
48
51
85
88
59
52
0
-88
-77
27
86
23
-59
-60
11
82
88
73
67
43
9
20
44
42
25
4
40
129
148
106
84
106
120
91
49
38
64
98
100
68
10
12
69
76
43
37
54
60
76
100
80
26
17
37
44
11
-14
-12
5
69
137
137
108
122
93
20
3
24
57
55
38
17
0
32
107
155
141
123
131
102
71
75
67
38
42
84
84
52
57
89
50
-8
17
104
98
23
-1
25
105
173
181
119
38
21
60
82
51
19
11
-13
-57
-55
-28
-27
0
37
17
17
53
43
13
10
60
106
83
41
50
64
75
71
41
25
24
-11
-66
-36
68
166
198
184
165
153
113
39
-10
-30
-29
-37
-13
51
104
117
107
89
75
69
41
-4
-9
48
73
-7
-82
-74
-23
-4
-41
-35
43
81
43
-6
-3
49
98
149
168
140
105
108
149
173
201
216
183
149
140
148
149
117
87
72
39
-20
-77
-116
-67
43
102
73
61
118
151
137
115
113
113
76
8
-37
11
113
122
40
5
24
59
87
88
54
6
-9
53
147
155
120
82
33
35
72
71
51
29
-5
-34
-43
-13
50
85
91
99
84
51
66
108
83
4
-40
-5
81
125
97
36
11
58
72
38
2
-39
-42
22
96
131
138
148
137
96
55
53
56
-7
-84
-74
-5
49
66
68
90
117
91
35
3
4
48
102
112
96
91
75
59
69
53
-14
-73
-78
-45
16
85
123
128
118
119
106
97
96
59
11
9
21
7
19
18
12
58
125
124
65
25
51
58
41
13
-3
16
49
51
60
116
145
134
113
66
3
9
82
117
83
35
2
-12
-13
-1
49
121
156
162
153
141
125
77
4
-60
-87
-51
2
36
55
88
148
169
103
37
45
80
72
27
-11
18
25
-33
-46
23
76
77
53
37
60
99
86
24
-14
3
42
12
-56
-78
-43
11
57
18
-41
12
156
231
218
203
186
154
114
32
53
74
48
37
65
82
69
24
-68
-149
-91
55
120
69
56
121
146
105
87
106
109
104
87
61
38
26
23
12
-18
-52
-81
-75
11
121
132
83
85
122
109
87
132
124
56
17
-5
-17
0
1
-26
-10
41
92
99
101
133
145
89
43
27
1
-3
13
41
74
74
32
-21
-10
71
134
122
85
59
55
85
105
72
6
-51
-76
-56
-7
37
71
69
64
98
148
176
161
122
90
59
8
-18
-6
5
-24
-77
-51
35
85
108
130
120
108
119
155
148
84
32
7
12
67
101
115
152
153
118
118
134
163
165
92
18
21
74
80
34
16
41
67
61
50
34
-6
-43
-20
36
58
21
-23
-58
-51
-18
35
50
-54
-99
20
156
153
134
105
59
21
18
35
23
-17
-34
36
91
42
-12
-19
9
34
49
37
27
60
64
50
88
114
73
35
52
67
43
18
6
9
17
-3
-49
-40
18
38
32
39
75
136
172
153
115
98
96
72
9
-57
-67
6
99
122
74
2
-46
-33
-4
36
90
90
53
50
69
88
105
114
86
27
2
20
35
45
84
131
168
165
123
103
119
124
86
29
-6
-18
21
91
129
103
26
-27
-34
-33
-68
-78
-38
38
115
147
135
138
155
144
76
51
74
40
-37
-71
-12
60
34
71
176
154
41
17
81
108
65
-24
-73
-56
-10
-5
-29
-20
57
154
162
85
39
32
36
48
81
98
64
22
29
85
116
68
18
55
113
115
103
132
168
146
69
16
-5
-29
-10
60
97
36
-5
22
70
86
65
34
19
-6
-20
22
72
83
45
10
-11
-18
10
50
50
17
5
28
53
54
77
116
100
28
-37
-45
-9
21
43
44
35
18
33
75
89
76
55
38
18
48
117
87
12
-2
-12
-35
-33
-6
81
180
184
140
132
132
96
48
1
-18
-2
8
4
-6
-45
-59
-28
-13
-3
33
60
73
92
113
131
133
91
58
54
68
87
58
23
18
29
77
117
69
-23
-39
37
89
65
0
-27
29
144
176
148
132
131
102
40
-8
-17
-1
49
130
132
68
40
75
107
122
101
35
-36
-53
-4
75
109
53
1
37
58
48
60
102
118
83
61
72
59
28
-25
-85
-42
56
75
32
41
102
128
115
116
108
77
59
19
3
35
21
-17
-24
49
148
153
87
45
65
83
70
43
19
-10
8
67
56
3
-25
-42
-13
54
89
70
24
6
70
147
141
61
35
45
24
-10
6
57
49
0
-13
-4
35
84
115
135
121
102
108
160
184
123
82
77
54
45
73
82
83
119
160
151
117
129
149
108
60
35
3
-2
-3
23
103
129
115
107
82
67
80
72
51
50
41
24
3
-30
-77
-99
-45
20
48
80
116
121
121
113
75
40
24
7
-18
-28
-22
24
55
22
38
118
157
121
86
57
20
16
43
69
54
5
-22
-1
20
0
-18
18
35
-4
-17
34
107
135
93
49
36
44
34
22
55
98
93
37
0
-1
-3
28
89
108
90
67
51
29
21
19
4
-7
-2
20
82
106
71
41
67
121
147
134
122
140
181
181
114
26
19
25
-45
-105
-24
97
130
71
-23
-88
-40
73
134
105
60
54
88
141
183
134
34
3
2
-25
-37
3
71
48
-19
6
72
80
44
71
134
129
74
40
21
33
38
8
-7
-11
-4
42
108
132
124
112
97
96
66
2
-35
-42
-25
10
23
12
32
59
77
83
84
106
113
66
49
90
91
50
43
54
27
-27
-43
-37
-20
34
69
71
61
72
118
151
115
42
-21
-25
18
70
89
99
88
54
19
12
56
118
132
128
138
138
160
128
59
66
106
91
56
32
41
112
166
181
180
137
103
116
144
122
92
83
51
12
-3
-10
-2
19
56
106
108
50
19
45
66
73
80
58
27
18
17
8
-1
3
18
-7
-50
-52
-61
-82
-54
-45
-11
51
108
132
97
98
139
161
135
73
26
24
38
29
2
20
105
160
107
18
-1
56
120
116
81
68
103
144
123
72
72
114
115
67
20
25
65
75
42
24
52
45
-3
-23
-35
-56
-51
-22
4
-6
-43
4
90
88
56
43
68
91
67
22
1
-17
-41
-29
3
11
-3
-18
-29
16
122
160
92
64
85
84
67
67
40
-2
-29
-35
-22
-28
-66
-70
1
117
138
87
35
70
165
197
172
145
107
84
64
39
9
2
11
10
0
18
72
123
164
210
201
144
119
133
106
42
26
41
52
96
130
130
129
137
125
100
83
67
45
