64
13
17
42
5
-52
-42
12
53
39
16
9
25
57
80
70
54
18
3
39
82
70
38
60
123
147
115
91
84
55
-2
-50
-50
-61
-78
-41
33
83
84
74
59
58
73
73
70
65
43
43
66
61
33
23
53
77
80
65
56
69
70
41
24
45
74
76
53
26
48
66
-2
-102
-152
-116
-38
25
57
107
198
257
243
99
52
-7
-41
-29
-12
-18
5
57
66
24
12
34
16
-27
-37
10
37
50
87
166
244
256
199
139
123
138
120
36
-66
-113
-65
21
48
41
35
52
90
139
155
121
84
81
101
102
74
56
61
81
73
23
-33
-58
-36
8
59
71
36
49
131
212
240
200
128
52
42
69
29
-65
-134
-100
11
98
105
70
66
106
137
118
59
-12
-67
-98
-88
-69
-72
-45
20
84
91
52
9
23
84
120
74
2
-17
56
132
160
147
121
118
131
132
101
73
45
7
-14
-6
-4
-10
9
59
92
90
68
67
96
85
28
-52
-104
-87
-38
13
76
138
146
112
77
68
90
92
54
9
-12
-20
-124
-57
41
115
140
139
147
180
224
262
228
129
49
37
99
177
96
-8
-59
-28
39
54
-4
-17
53
108
82
17
-8
39
105
124
108
96
99
89
59
42
12
-22
-21
0
11
-6
-43
-57
-12
61
99
124
147
134
82
1
-28
42
113
116
104
112
150
178
182
148
90
37
-33
-90
-69
-27
3
48
85
83
34
11
22
1
-21
0
4
-34
-35
21
84
116
117
75
20
2
6
-12
-53
-46
-22
55
122
131
97
56
48
91
140
125
74
22
-56
-130
-136
-69
27
84
58
17
51
165
257
240
162
100
86
58
-13
-39
-4
51
116
160
161
145
120
101
84
66
60
52
26
-2
-10
37
103
112
49
-26
-84
-92
-45
34
81
70
41
28
61
86
24
-13
21
80
102
115
125
120
82
39
1
-2
57
118
129
114
109
131
122
37
-70
-106
-120
-100
-19
51
108
189
243
212
125
54
29
69
87
34
-51
-68
-13
75
156
155
98
61
106
165
155
118
61
-30
-139
-218
-180
-19
148
166
199
224
202
153
72
9
1
-25
-68
-78
-59
8
66
84
74
83
138
228
264
232
176
119
66
28
32
54
34
-68
-156
-138
-68
-1
50
60
22
6
52
119
145
124
120
145
156
152
138
91
32
-5
-25
-39
-12
25
20
7
44
40
-4
17
103
140
105
64
40
8
-14
4
51
68
60
71
74
60
49
32
10
-11
-35
-27
-22
-40
-38
-13
18
65
154
243
231
173
151
139
53
-71
-99
-65
-58
-42
20
99
154
179
163
123
81
28
-7
5
38
25
-43
-92
-54
37
123
176
183
166
155
156
140
99
51
7
-68
-170
-189
-58
87
114
64
54
101
140
135
115
136
124
44
-24
-10
56
117
130
117
120
130
130
117
87
27
-42
-84
-61
16
82
108
103
84
76
68
52
23
-30
-73
-83
-52
20
101
145
171
178
123
68
65
89
90
56
10
-18
-4
38
50
32
5
-24
-8
75
172
203
168
102
64
65
57
18
-21
-26
23
90
100
75
91
105
44
-34
-70
-56
-29
8
54
83
106
108
100
92
90
70
35
-21
-59
-52
-9
52
71
37
3
11
56
97
108
105
73
55
82
84
28
18
92
176
152
81
42
60
120
162
122
49
37
64
71
75
93
73
18
-43
-101
-110
-77
-24
29
52
35
32
75
102
100
91
77
60
19
-28
-22
33
74
60
11
-5
-1
-12
-10
16
41
8
-33
-20
43
105
154
196
152
89
40
17
11
6
-11
-13
23
82
113
112
99
76
41
7
-19
-42
-56
101
140
117
56
6
35
122
178
204
229
213
156
132
153
168
133
43
-38
-35
-65
-39
-6
10
60
149
209
195
179
172
153
107
11
-75
-85
-42
4
57
113
108
121
180
205
162
90
35
-17
-68
-49
8
70
101
123
151
154
113
54
7
-40
-59
-36
-17
0
19
57
88
55
21
53
113
140
140
121
96
50
1
8
33
53
50
8
-17
-6
51
107
99
37
5
44
99
128
139
163
167
119
28
-53
-50
7
3
-83
-114
8
160
232
248
242
198
128
68
23
-10
-19
-55
-104
-22
52
122
179
180
138
129
176
241
242
141
33
-10
2
40
42
-1
-53
-53
3
52
45
29
28
23
26
36
34
41
72
60
16
7
32
49
29
23
68
103
70
17
-7
8
57
113
122
64
-6
3
72
123
129
108
65
16
-25
-42
-24
8
28
18
-14
-5
80
165
198
188
149
82
42
55
76
85
81
52
37
38
4
-69
-105
-98
-72
-13
73
138
132
99
98
120
136
76
-23
-56
10
91
114
106
118
128
115
103
75
58
64
-11
-119
-113
9
84
37
-25
4
138
259
265
172
69
29
45
70
39
-43
-114
-78
25
106
103
29
-11
11
60
97
106
74
37
50
114
160
156
106
28
-27
-92
-135
-102
6
128
161
109
67
76
125
163
117
21
-35
-38
0
58
81
71
84
114
128
112
89
83
71
35
-40
-109
-121
-62
32
69
48
36
55
83
53
-30
-78
-60
6
99
124
83
36
48
100
132
114
50
3
23
65
65
23
-20
-66
-85
3
146
202
187
172
173
148
84
33
18
-7
-45
-42
-13
-39
-78
-75
-42
9
98
167
194
209
237
263
230
144
38
-27
-43
-23
-42
-74
-36
17
34
28
36
92
123
101
96
146
176
151
109
81
58
48
54
12
-34
-26
-2
26
60
100
123
128
124
99
60
20
-35
-57
-24
21
74
124
114
58
33
29
-3
-68
-98
-75
-73
-122
-130
-53
21
42
42
54
73
112
180
225
195
137
83
12
-41
-45
-19
-10
-25
-8
44
106
138
150
139
99
73
86
77
38
-9
-13
55
103
69
5
-35
-38
-17
22
98
152
151
108
83
76
80
101
134
156
138
100
74
71
68
43
19
8
3
-7
-25
-20
39
130
184
183
141
102
92
114
137
135
108
91
82
56
43
38
16
26
55
51
6
-10
-25
-56
-22
97
184
172
117
90
116
153
122
42
-24
-50
-53
-41
-11
49
100
109
112
121
123
105
74
67
50
21
18
6
-5
3
40
89
115
92
49
4
-6
9
61
117
141
147
135
88
50
57
52
-6
-30
16
57
44
20
28
28
18
22
45
36
-9
-18
19
84
134
116
66
40
19
-26
-73
-71
-12
48
55
-7
-66
-6
118
188
166
69
16
56
137
137
54
-1
-25
-76
-84
-5
91
138
144
144
139
123
108
43
-35
-57
-26
42
86
83
86
121
161
161
73
-42
-58
1
34
65
132
167
152
131
97
65
34
-27
-97
-75
-2
72
118
151
201
217
151
36
-53
-46
5
41
64
91
114
77
34
37
52
29
-21
-49
-38
41
162
214
136
17
-12
53
104
99
43
-45
-65
16
85
82
66
93
77
12
-3
40
98
80
18
-20
-21
20
67
88
38
-49
-84
-20
49
38
-25
-67
-25
8
-8
-12
-4
34
96
137
138
112
65
-19
-90
-83
-24
-27
-58
-10
88
132
137
156
169
169
141
96
40
-17
-39
-26
4
42
36
-12
-25
7
36
40
50
51
35
21
-7
7
76
108
69
23
50
108
105
76
98
124
102
49
1
22
72
61
21
37
85
123
130
101
60
40
70
75
38
18
23
28
24
19
20
60
130
164
150
152
178
160
105
74
41
1
-35
-33
20
75
96
98
112
108
45
8
36
43
25
34
84
146
173
152
89
48
49
12
-58
-91
-56
28
