203
192
161
58
-179
-184
-162
57
187
224
193
148
129
134
107
37
-19
-2
44
67
58
50
51
66
83
82
55
51
75
106
96
34
-8
2
35
41
32
19
16
6
-2
28
83
117
128
140
169
160
96
-14
-124
-132
-26
74
82
54
66
102
138
146
128
101
50
10
16
37
41
24
42
72
90
99
68
13
9
59
87
83
83
98
128
131
113
117
128
107
55
7
-7
2
21
38
54
59
66
84
90
115
157
179
166
106
51
38
32
48
80
81
54
19
-27
-83
-123
-132
-109
-67
-33
-39
-35
-1
60
122
147
105
33
0
-10
-18
-6
4
12
23
28
49
91
124
114
82
73
80
68
35
0
-7
22
35
-12
-50
-35
19
72
69
32
28
48
43
48
50
82
108
89
114
138
119
96
115
117
51
-33
-70
-68
-45
-10
33
40
17
25
71
105
120
116
99
76
21
-52
-81
-39
-19
-11
23
68
103
131
152
137
89
65
53
32
1
-17
-11
7
37
50
57
44
49
85
125
133
98
76
112
128
58
-27
-43
21
90
82
36
10
42
96
121
115
93
84
81
76
80
40
-28
-33
49
99
97
103
108
105
125
137
105
59
49
52
59
69
65
54
27
-34
-67
-40
10
105
138
74
40
55
105
168
202
184
136
101
66
28
4
5
32
40
18
-14
-9
36
59
26
-2
17
34
3
-5
58
105
90
25
0
69
163
196
163
121
96
72
32
-22
-69
-93
-72
-17
13
37
87
136
128
104
123
154
115
34
-10
-9
-6
10
49
74
90
103
87
51
56
84
66
-10
-69
-49
-9
6
-4
-5
37
72
101
134
152
144
130
112
70
13
-12
24
90
96
54
4
-43
-81
-88
-58
-34
-49
-29
48
100
83
35
3
7
40
77
99
102
101
124
139
72
-26
-38
60
120
132
184
250
265
233
192
149
91
51
5
-77
-166
-198
-151
-74
-22
2
28
97
151
168
196
209
151
71
54
84
58
-23
-82
-82
-55
-24
3
40
112
179
213
228
233
220
165
49
-68
-102
-41
12
44
54
28
64
163
196
107
4
-6
48
72
67
43
-17
-78
-77
6
89
69
6
33
109
167
169
136
100
65
57
39
2
11
83
150
152
87
25
51
132
179
163
114
101
106
48
-46
-93
-88
-43
-29
-61
-52
55
179
89
91
141
173
173
166
139
116
120
116
67
23
35
67
101
123
120
103
97
99
76
23
-25
-27
-40
-81
-89
-73
-107
-173
-156
-45
37
71
112
154
179
153
118
121
116
68
42
88
139
129
68
23
20
18
-18
-38
0
74
146
173
147
92
83
113
55
-84
-149
-103
-18
65
103
74
48
37
24
72
185
115
88
112
109
80
53
23
-12
-39
-18
27
69
73
84
91
81
52
9
12
51
34
-24
-50
-33
2
34
33
10
7
40
83
92
89
86
66
65
89
116
123
93
59
25
-13
-39
-66
-82
-51
33
113
129
80
23
28
96
135
116
66
37
57
107
116
64
-4
-55
-83
-61
-14
18
36
72
100
86
80
88
81
71
55
42
37
8
-6
0
24
64
90
104
129
139
115
58
7
-37
-72
-70
-41
-30
1
57
83
92
125
179
202
160
58
-28
-68
-120
-180
-164
-68
35
96
121
122
134
138
128
90
41
3
-35
-56
-28
-17
-50
-62
-37
-28
-62
-84
-65
-23
-1
39
83
64
42
77
137
192
213
188
132
69
16
-1
17
33
25
7
1
18
42
77
109
123
120
96
68
71
81
57
23
-2
-12
35
89
91
64
59
113
184
188
104
32
33
66
53
36
80
135
134
92
67
113
197
195
85
-40
38
-26
-114
-168
-116
-4
59
102
129
145
184
228
215
137
43
-19
-40
-11
34
52
71
100
118
105
91
81
49
43
50
20
-17
-97
-14
119
203
188
156
179
205
197
160
106
34
-56
-136
-123
-21
76
91
44
33
57
89
136
164
153
114
73
45
-2
-38
1
83
98
38
37
117
149
88
49
64
72
76
77
77
76
89
114
96
35
-26
-34
-9
12
39
68
98
147
166
120
48
2
-11
-28
-45
24
151
213
189
125
72
53
37
8
-29
-65
-83
-92
-60
24
139
198
122
-2
-26
64
162
193
163
89
21
3
18
4
-42
-74
-56
-34
-17
7
22
32
38
23
-5
-12
5
37
76
139
198
225
39
-2
-11
-11
-19
-55
-119
-120
-51
25
76
121
163
193
216
232
198
112
22
-41
-69
-45
-4
44
91
146
180
162
115
69
49
37
16
-11
-41
-53
-43
-25
21
82
99
43
5
12
5
-14
0
59
82
36
-11
-2
57
97
68
16
-26
-28
16
81
105
52
1
19
55
49
25
27
83
151
167
137
89
41
23
32
43
44
22
9
43
55
22
5
22
51
88
103
103
83
69
116
149
97
24
-11
-20
-2
39
71
91
99
80
50
67
121
120
34
-25
-35
-40
-6
85
154
176
185
189
168
139
106
65
26
-30
-120
-118
-23
88
165
183
163
128
73
48
80
98
73
56
53
59
92
96
73
88
133
161
152
129
106
74
9
-43
-18
17
11
38
114
157
156
137
116
87
43
-20
-56
-41
-19
-40
-67
-66
-66
-50
-9
16
6
-4
26
60
77
98
112
102
48
11
40
64
27
5
20
50
116
146
80
24
22
66
106
114
76
38
23
19
28
21
-37
-146
-182
-97
32
104
132
173
214
182
83
24
48
52
-1
-41
-30
3
4
-29
-52
-51
-35
-17
-14
24
108
141
129
113
98
72
68
71
74
86
97
104
106
86
58
22
-25
-45
-7
26
22
-1
-27
-35
20
102
121
91
88
122
162
137
49
-2
-4
-30
-51
2
49
49
96
204
266
228
135
50
37
88
88
16
-37
0
48
65
81
86
69
64
88
114
102
64
35
32
-6
-68
-116
-131
-83
-18
22
55
97
140
133
71
26
10
13
18
3
-2
20
48
33
12
32
65
97
98
76
98
140
152
137
99
53
48
42
13
-12
-25
-24
-21
-59
-130
-136
-58
42
133
178
185
192
217
224
172
119
66
23
16
16
-13
-28
1
33
54
67
45
44
76
104
107
86
69
38
-10
-45
-53
-11
58
81
29
44
140
178
100
-2
-23
20
44
5
-49
-50
-6
10
17
53
91
105
136
180
164
89
36
25
10
12
48
53
8
-5
42
103
102
29
-9
28
75
88
91
130
160
147
98
28
-24
-41
-39
-29
-17
-5
-18
-13
33
104
131
90
54
49
66
98
124
107
83
114
132
76
25
0
-55
-58
-11
19
40
58
49
42
69
101
84
58
51
55
64
55
65
96
91
17
-66
-61
-3
0
-20
5
49
74
90
102
115
138
156
105
22
4
56
147
227
234
156
66
26
35
54
37
5
-2
-3
23
100
154
149
89
10
-41
-36
2
17
33
59
81
71
22
-26
-13
26
64
64
20
-14
-6
37
65
57
40
24
35
57
96
120
84
17
-2
-19
-46
-34
8
34
34
53
114
184
210
197
150
99
61
49
43
39
25
8
0
7
41
40
-21
-76
-70
-10
39
77
114
144
176
212
249
263
221
171
130
101
105
105
80
73
98
131
163
165
138
146
212
276
294
297
275
273
261
168
93
115
124
96
92
134
178
176
149
156
192
172
98
58
81
66
7
-17
16
39
13
-28
-70
-109
-70
43
103
71
26
2
-9
-9
8
43
55
8
-58
-88
-61
-36
-37
-68
-123
-134
-84
-55
-39
-5
10
-6
10
73
71
6
-7
-2
-18
-23
-21
-51
-72
-42
-19
-17
-7
29
85
104
90
36
-35
7
-7
-19
-18
17
