138
179
151
67
-17
-51
-84
-138
-106
17
160
256
259
216
187
187
187
139
42
-29
-90
-167
-164
-68
22
75
105
100
68
65
101
115
48
-42
-106
-83
-18
28
64
88
123
152
160
141
128
120
54
-29
-75
-66
-45
-73
-106
-94
-50
-6
34
68
97
134
160
177
177
123
73
53
23
-29
-50
-26
20
55
54
32
39
103
173
177
122
91
59
-25
-81
-54
0
26
56
98
138
178
187
160
108
69
37
-11
-57
-46
20
41
18
-2
-13
-14
-4
19
19
19
44
81
136
148
99
48
59
102
104
58
3
-24
-28
-43
-12
20
2
-11
9
55
120
161
146
77
37
61
123
161
160
150
117
41
-36
-57
11
75
70
45
41
83
147
198
212
195
149
89
40
-12
-8
65
120
76
-12
-39
10
58
32
-29
-55
-40
-5
56
106
123
132
135
128
132
136
112
66
8
-29
-45
-42
-26
-1
6
-8
22
85
108
134
156
145
88
22
16
52
51
4
-22
-14
6
64
135
140
81
65
83
70
65
60
8
-45
98
156
137
96
85
90
84
48
-8
-58
-54
-27
-38
-56
-61
39
65
45
-3
-23
26
99
100
59
64
122
163
144
97
59
38
4
-17
-10
0
6
6
21
55
96
145
155
86
18
21
76
90
58
26
33
39
23
1
5
33
55
60
39
10
24
109
155
129
84
86
125
139
116
87
81
90
73
13
-33
-26
28
87
104
71
36
23
58
106
148
173
178
156
147
153
132
90
56
18
2
7
16
1
-20
-4
4
-38
-58
-28
21
55
52
68
132
152
84
0
-41
-54
-11
70
100
83
89
100
113
112
60
10
4
28
61
68
65
96
107
89
86
98
82
20
-43
-68
-23
19
16
0
7
58
124
115
56
24
53
93
86
64
60
68
41
13
20
16
-66
-188
-190
-37
109
150
124
113
132
156
171
171
128
71
25
8
37
59
82
74
38
18
13
10
7
-10
-56
-55
0
41
36
23
49
86
86
38
-8
4
34
38
45
77
115
120
82
38
32
65
86
101
131
149
140
93
35
27
48
23
-34
-56
-20
24
65
82
84
88
66
27
35
82
103
59
-7
-41
-1
28
4
-19
8
58
83
87
91
82
72
80
80
99
144
157
123
80
73
101
119
85
17
-28
-62
-49
-3
37
27
-36
-75
-8
98
132
108
99
105
118
132
147
160
154
91
-34
-108
-59
54
138
134
80
87
166
214
216
178
81
-8
-25
25
69
73
102
133
139
121
99
106
124
105
39
-38
-101
-101
-35
0
-26
-23
35
109
131
108
81
82
76
54
66
106
123
87
42
21
7
6
8
23
29
10
16
93
132
86
41
59
97
97
56
18
3
-5
-7
23
72
86
72
86
104
113
104
53
-8
-42
-37
-33
-52
-12
81
118
86
60
64
86
125
130
93
52
42
53
22
-6
-8
16
24
13
-3
-22
-28
9
57
70
68
103
113
81
66
51
52
68
61
36
6
23
71
88
55
68
112
113
68
43
97
155
138
75
20
-18
-46
-35
21
72
80
83
146
220
201
147
131
115
108
87
34
0
-25
-53
-28
24
50
8
-54
-55
8
65
114
132
68
-8
1
57
60
34
1
-12
20
49
55
87
115
96
69
72
73
40
23
57
99
128
134
124
124
134
121
53
21
38
37
-4
-57
-83
-78
-68
-70
-71
-20
81
118
60
37
49
45
75
113
132
149
171
171
153
149
134
90
22
-28
-41
-22
-5
9
51
108
128
73
4
1
52
99
104
81
60
21
-25
-50
-22
51
83
40
-1
13
28
23
17
5
11
20
33
49
73
129
154
124
59
21
28
56
64
-2
-102
-130
-70
1
55
76
72
86
123
144
122
68
10
-26
-59
-81
-38
77
188
194
98
10
8
68
107
92
61
70
108
139
124
66
-9
-59
-60
-13
52
99
101
113
107
80
72
96
68
1
-24
-13
9
40
55
66
105
119
54
-35
-73
-30
-21
-28
4
90
171
178
157
201
237
221
163
72
-17
-70
-83
-61
-49
-23
20
59
83
114
179
231
185
29
-100
-93
-40
-68
-100
-21
157
292
289
136
113
74
6
-103
-171
-155
-69
54
130
116
101
133
165
155
152
150
115
55
6
0
11
-27
-140
-220
-182
-58
37
82
120
189
260
218
155
139
108
40
-6
56
204
322
336
291
218
138
88
112
166
172
164
233
348
360
293
230
214
246
241
112
124
213
322
403
422
386
353
358
372
365
288
118
77
25
2
-28
-58
-38
11
34
32
38
58
69
55
27
-14
-85
-154
-180
-166
-162
-151
-110
-77
-66
-39
-25
-29
-61
-97
-146
-210
-226
-185
-103
-29
-12
-40
-42
-50
-77
-91
-98
-120
-154
-173
-202
-219
-148
-59
-65
-132
-152
-83
3
11
-14
-11
21
8
-73
-166
-219
-216
-151
-81
-57
-43
-11
-3
-30
-45
6
26
-36
-83
-23
87
151
144
105
54
3
-22
-20
-12
-41
-67
-43
26
106
165
145
153
172
177
153
116
101
124
118
117
202
325
393
406
459
532
516
395
275
232
251
281
304
312
338
373
387
358
329
313
297
291
313
311
265
227
213
202
188
140
61
2
3
25
38
43
44
8
-89
-161
-153
-94
-58
-67
-66
-49
-65
-120
-142
-94
-53
-136
-153
-154
-150
-161
-188
-177
-146
-161
-218
-268
-248
-168
-138
-186
-270
-331
-277
-155
-87
-113
-83
-39
-52
-90
-117
-170
-258
-300
-246
-108
-3
26
23
-5
-21
-6
-21
-81
-135
-152
-153
-154
-156
-153
-182
-243
-214
-97
13
68
87
99
87
51
13
-1
5
22
35
36
39
35
2
-43
-88
-100
-103
-97
-56
-9
66
165
230
192
60
-25
21
131
195
183
147
114
43
-54
-119
-140
-107
-51
-14
32
101
129
133
177
247
266
180
59
34
121
182
145
108
130
162
169
161
114
60
19
4
40
77
68
3
-45
0
84
92
76
88
57
35
112
229
274
233
180
176
195
182
121
64
43
43
49
66
117
165
197
221
192
132
76
40
20
10
8
-3
-52
-101
-83
9
93
118
124
167
224
256
236
179
123
85
35
-27
-89
-113
-97
-50
28
100
162
245
288
261
192
156
100
39
-9
-8
48
102
99
35
-36
-50
4
88
140
165
185
188
183
187
186
134
27
-53
-72
-33
17
41
35
57
150
205
177
116
81
60
66
88
77
53
37
29
51
115
164
156
93
32
20
10
-23
-42
35
138
169
164
178
200
196
150
70
-17
-67
-83
-73
-78
-94
-91
-25
83
150
169
173
177
185
200
181
120
49
5
28
72
44
-23
-66
-56
-54
-42
-2
72
150
176
168
192
242
225
131
39
-4
9
44
28
-20
-24
33
84
86
65
68
102
124
123
121
107
109
132
156
153
103
48
10
-3
19
65
84
54
-13
-61
-38
20
81
93
66
59
92
129
161
164
130
71
8
0
12
35
102
156
152
112
85
87
75
24
-25
-33
-2
11
3
-2
0
18
41
24
-58
-147
-169
-157
-148
-81
51
165
216
262
283
188
67
32
24
-9
-25
-6
27
82
119
141
194
226
177
53
-20
9
18
-49
-65
-9
36
34
34
44
59
97
137
134
99
59
20
8
37
37
-19
-51
-28
2
11
3
-21
-12
26
67
83
72
43
9
6
38
59
38
35
104
176
177
133
103
123
156
144
76
41
54
64
39
22
67
129
132
72
32
29
40
34
12
-36
-97
-119
-97
-24
55
114
131
146
149
109
69
59
72
76
34
-19
-39
-18
58
116
74
44
66
