113
20
-52
-42
42
121
119
54
20
38
38
-13
-56
-46
-7
0
-28
-12
65
115
118
105
99
109
120
85
24
-9
12
58
56
3
-54
-34
16
58
117
150
135
112
88
71
57
17
-39
-60
-20
11
39
115
193
185
131
44
-3
-18
-8
5
3
-7
-18
-2
33
55
66
44
10
-13
-23
-20
0
25
38
24
6
52
136
195
189
136
97
86
83
71
52
16
-37
-93
-129
-73
5
38
41
53
96
119
101
75
42
-11
-50
-39
-10
13
28
32
49
67
117
182
185
156
133
105
74
56
21
-24
-22
2
-14
-29
21
77
100
101
108
108
108
116
134
144
147
131
84
38
13
2
-4
-4
-12
-35
-65
-65
-14
23
38
51
84
118
116
98
98
101
87
50
19
2
11
38
60
42
-3
-10
37
81
90
91
102
100
82
59
37
55
116
137
128
138
162
155
108
64
58
61
29
-3
-1
-12
-27
18
75
64
-37
-92
-1
137
172
134
100
87
70
58
49
25
-17
-74
-107
-108
-91
-57
-21
3
6
53
132
168
154
108
69
42
-8
-82
-120
-83
8
114
212
248
193
105
57
36
6
-27
-58
-65
-26
32
83
129
164
151
89
33
29
55
84
109
87
20
2
40
58
35
24
44
41
51
96
106
55
10
45
122
155
105
7
-85
-121
-59
57
113
73
69
125
131
81
52
43
18
-9
-6
24
51
74
108
132
102
60
26
-17
-45
-33
4
52
80
45
5
12
48
89
113
102
99
93
87
73
59
76
81
37
-24
-55
-39
-2
24
23
20
60
107
129
125
97
34
1
32
92
134
129
109
89
73
76
74
43
-4
-58
-57
-5
34
33
7
-18
-26
-8
20
-12
-118
-183
-103
67
188
209
176
155
166
178
165
141
115
73
1
-34
34
113
103
49
27
50
101
124
82
17
1
53
74
23
-36
-35
34
105
134
124
119
129
149
164
147
120
107
70
3
3
92
179
195
165
138
107
73
80
99
71
33
9
-23
-24
7
23
12
-2
-10
-38
-51
-30
29
128
176
129
56
10
-29
-51
-18
53
91
92
104
130
122
88
71
73
58
-2
-69
-68
-29
-12
20
87
123
124
154
210
230
183
108
60
24
-36
-70
-91
-140
-137
-82
5
81
83
65
104
186
220
72
-18
-50
-19
58
137
144
51
-25
13
102
136
116
96
100
105
107
137
165
131
43
17
40
40
18
-3
-9
7
60
114
124
138
151
122
70
50
38
21
-3
-83
-135
-65
83
201
243
202
125
80
60
38
5
-5
25
56
41
25
64
88
69
56
80
71
-10
-105
-123
-42
73
96
-8
-108
-82
33
118
155
132
76
45
41
24
-3
-6
-8
-76
-103
36
202
259
242
220
194
163
96
-36
-139
-155
-146
-135
-56
73
150
151
134
92
32
-29
-92
-116
-88
-43
6
69
122
124
115
107
106
118
139
148
134
104
65
48
44
16
-11
-19
-33
-77
-72
20
120
136
140
186
229
258
230
112
-10
-6
52
36
-12
-23
12
77
130
117
66
25
26
64
90
104
118
103
68
23
-51
-158
-201
-133
-41
5
32
66
91
87
73
41
-7
-40
-21
36
93
101
89
107
123
99
32
11
51
82
128
215
274
256
202
157
137
119
61
-30
-92
-50
83
179
164
128
120
144
135
75
35
27
8
4
42
74
48
-11
-61
-117
-152
-106
-12
55
89
107
131
147
152
156
137
81
21
-11
-12
-10
-25
-18
-26
-39
-36
-7
64
156
215
197
124
69
67
102
57
-45
-122
-119
-9
76
56
12
50
151
217
213
152
54
-34
-49
-20
-2
-40
-106
-102
12
147
213
172
179
182
164
104
-20
-118
-90
-25
38
109
151
176
194
188
157
105
26
-20
-20
-25
-67
-75
0
90
96
23
-42
-33
22
43
25
17
37
56
58
60
87
103
55
-10
-53
-71
-81
-46
41
120
133
92
37
9
10
-3
-46
-120
-168
-158
-101
24
124
97
22
21
80
108
103
97
103
87
61
45
41
53
52
52
66
75
97
145
194
185
90
-24
-61
-6
68
108
138
169
153
128
139
176
171
82
-14
-35
-17
-13
-29
-50
-55
-29
5
50
106
119
105
100
74
36
2
-37
-51
-22
37
91
129
141
128
61
-8
-28
-11
8
7
-6
-4
76
197
236
171
41
-45
-88
-105
-65
25
92
85
64
104
155
134
80
33
25
50
97
145
156
132
90
26
-57
-125
-141
-98
-59
-51
-6
61
123
179
210
188
140
118
117
100
38
-27
-36
26
97
114
99
75
51
-5
-74
-87
-19
70
118
141
161
178
173
119
44
3
-29
-74
-56
49
181
266
274
187
54
-19
-21
-26
-60
-89
-67
22
124
192
234
235
179
90
-1
-34
-13
-35
-68
-21
109
212
200
144
69
-1
-34
-65
-83
-59
-27
13
87
139
139
98
33
-6
-5
11
26
19
6
-3
-23
-37
-12
-12
-43
20
183
307
337
285
216
149
74
-71
-227
-241
-92
82
189
205
178
153
154
147
104
42
-7
1
40
45
53
92
113
32
-84
-81
65
224
266
184
88
72
98
89
44
51
87
49
-10
27
135
147
40
-17
-5
11
52
120
144
101
65
44
-2
-72
-139
-131
-37
26
34
21
55
118
133
97
58
18
-22
-13
56
87
7
-107
-122
-66
32
162
225
106
98
75
23
-38
-88
-103
-57
22
50
35
68
165
243
219
98
-34
-61
-54
-99
-93
42
164
124
42
34
91
156
163
72
-43
-103
-90
-21
38
80
119
148
130
85
89
121
130
98
89
98
65
22
-12
-54
-69
-26
51
74
24
25
104
156
140
101
64
42
34
-1
-45
-61
-17
61
108
56
-28
-3
103
161
153
119
115
131
133
121
100
50
-28
-125
-141
-18
136
226
253
249
219
177
115
65
34
12
2
-30
-38
-8
1
2
-8
-1
23
58
117
148
132
112
99
53
-7
-18
3
39
86
136
180
169
112
56
9
-56
-124
-135
-78
-35
-36
-9
61
134
157
144
149
155
84
-20
-42
2
-4
-87
-108
6
129
131
34
-43
-28
44
113
128
74
3
1
29
54
53
51
26
-8
-28
-33
-37
-27
21
86
130
131
104
85
88
114
128
80
18
45
135
195
197
154
113
105
60
-67
-178
-151
-42
41
51
9
9
76
116
113
121
125
119
100
74
26
-70
-145
-69
81
167
182
173
187
178
138
89
-6
-125
-154
-59
-5
-35
-27
33
91
115
92
56
75
138
169
114
34
9
28
17
-4
20
64
90
59
5
-14
-12
-1
27
53
41
38
75
83
45
45
81
91
55
22
-4
-8
22
42
33
37
69
74
35
-21
-4
43
53
9
-12
52
171
273
264
153
54
35
59
64
43
23
20
38
61
70
26
-46
-73
1
105
145
113
82
97
151
153
113
53
-12
-43
-21
44
129
150
77
-8
-9
49
89
101
122
132
115
90
77
74
54
10
-46
-108
-129
-55
49
125
168
180
187
188
153
82
-5
-29
-10
-25
-68
-54
18
82
106
98
103
112
103
105
134
130
60
10
24
19
-4
-13
-9
16
51
87
132
153
89
48
37
23
-2
-13
-13
-27
-37
-24
2
19
27
42
75
99
92
113
147
145
106
71
56
36
-30
-123
-164
-123
-65
84
177
212
167
73
-28
-36
34
61
66
113
176
188
149
128
138
132
73
20
10
16
2
-25
-57
-67
-67
-73
-89
-97
-10
136
230
245
216
172
161
164
118
41
-23
-71
-65
-14
26
64
98
124
145
141
150
136
108
103
103
65
21
11
10
3
2
5
19
45
104
140
104
38
29
83
131
133
67
