27
36
109
132
55
-3
41
148
202
194
150
98
55
71
98
75
48
42
36
35
38
39
38
17
-1
6
21
32
69
99
85
18
-38
-6
37
53
105
151
137
98
54
65
123
109
55
43
74
107
123
121
120
99
87
96
70
52
84
120
133
107
40
-40
-52
24
91
118
128
125
124
116
115
129
72
-18
-33
33
134
173
104
38
34
87
124
80
1
-59
-54
75
171
121
72
59
9
-37
-8
50
58
-1
-30
25
90
68
-19
-58
-11
39
5
-68
-33
35
50
-1
-23
12
21
-3
-14
-13
35
93
123
147
122
43
-7
-11
22
64
26
-19
11
67
119
131
104
86
89
106
92
59
39
34
48
70
81
48
21
50
69
81
121
157
129
72
56
58
82
100
81
55
66
84
89
114
102
3
-66
-59
-41
-13
27
55
65
54
77
140
172
176
163
83
-12
-33
27
71
42
-24
-55
11
115
145
76
-7
-30
-10
27
57
32
-33
-36
74
134
90
72
85
76
19
-8
70
163
181
152
115
72
57
70
53
-1
-13
81
188
201
181
166
128
92
32
-52
-68
-2
67
80
72
81
73
69
73
81
52
16
33
81
108
74
43
51
12
-90
-105
27
104
51
-2
37
114
138
129
151
160
106
54
59
120
168
133
55
37
55
36
-3
1
48
71
97
76
2
-56
-14
106
214
209
137
105
125
134
88
17
-9
29
70
59
52
72
24
-51
-26
16
9
-3
33
118
178
183
153
89
19
-20
-55
-49
-28
-37
-38
-3
99
148
106
85
77
72
81
96
91
33
-59
-102
-10
99
97
-21
-134
-91
13
89
65
24
52
107
125
90
48
6
-28
-38
-19
42
74
24
16
71
75
-2
-125
-211
-162
-34
75
140
187
210
196
149
88
45
19
0
-35
-76
-29
75
152
163
140
125
117
64
-7
-13
36
68
76
57
26
49
93
49
-73
-123
-45
35
40
38
107
233
273
204
157
151
116
57
-4
-3
48
43
18
35
69
74
96
131
137
108
90
92
98
103
96
44
-11
-56
-30
60
107
48
-1
59
161
163
70
-9
5
76
100
83
48
19
73
156
168
107
28
-27
-24
21
48
42
-12
-50
26
100
70
0
-59
-100
70
60
69
116
183
197
157
97
35
6
19
16
-8
28
96
105
65
24
5
-18
-49
-22
33
52
65
116
154
121
84
107
84
-1
-38
-5
27
39
12
-6
2
40
91
108
77
27
28
76
59
-1
2
81
132
98
40
22
20
12
24
48
25
12
88
149
122
67
38
32
26
22
-34
-108
-87
28
101
76
56
42
18
45
105
134
131
102
32
8
49
65
53
25
3
19
54
74
28
-28
-55
-21
20
57
60
25
24
77
162
210
183
132
84
44
39
53
48
-1
-65
-66
-3
58
91
117
115
74
42
25
21
16
-23
-27
28
48
-8
-23
43
132
172
172
119
40
-13
8
118
194
151
60
35
53
57
73
44
-46
-119
-89
6
58
16
1
50
72
85
101
83
54
81
87
27
-7
5
44
65
50
60
90
66
10
25
51
18
-10
-24
6
88
121
49
-38
-53
-14
5
10
29
53
55
55
71
53
4
-36
-34
8
28
41
84
128
155
123
86
85
91
104
116
96
34
-26
-60
-9
101
172
168
107
64
88
137
139
93
60
52
52
48
27
29
73
103
75
29
3
-2
29
90
151
153
85
43
51
65
36
-40
-72
-14
53
91
99
105
123
121
149
162
96
27
54
114
152
178
160
105
56
28
-2
-54
-82
-56
9
12
-6
57
150
197
215
200
150
97
72
57
37
8
-14
-27
-3
28
42
27
8
2
18
26
10
1
23
48
55
58
39
10
-18
-42
-54
-24
64
132
136
133
162
164
145
115
75
50
-6
-59
-40
5
24
44
90
105
75
77
115
133
135
115
65
24
16
2
-30
-65
-36
43
81
25
-13
-24
-7
36
61
81
98
108
141
168
149
116
105
83
7
-40
2
69
80
11
-67
-101
-36
67
112
82
65
123
186
182
136
90
56
50
91
112
40
-24
-10
26
42
39
19
-23
-22
26
82
116
124
89
33
23
54
58
53
66
58
32
1
-9
34
98
99
35
-20
-33
-4
16
26
49
70
87
103
117
122
109
81
48
40
64
90
112
99
88
130
163
92
6
-21
-2
4
-26
-65
-51
-27
-33
-34
-51
-8
64
0
-46
34
150
208
193
132
58
35
50
61
42
19
11
17
22
43
81
87
69
36
0
-5
29
83
98
28
183
267
220
139
96
90
105
128
99
25
-33
-68
-61
-4
36
32
22
24
22
2
23
97
155
128
60
12
-50
-68
11
49
-2
-21
36
99
97
54
65
101
112
80
27
25
83
75
-5
-49
-33
-33
-13
32
54
51
55
76
89
116
145
128
64
25
39
65
48
-41
-73
2
53
44
72
138
160
116
70
22
-11
-6
0
-24
-17
9
28
49
59
70
72
54
12
-3
4
33
54
42
21
45
108
138
120
55
-28
-33
36
72
50
18
12
35
72
99
115
113
76
28
34
49
36
41
89
132
147
153
151
145
166
184
152
74
-18
-62
-19
18
5
-13
-20
18
106
168
166
146
106
80
71
57
36
4
-43
-73
-76
-29
26
8
-11
57
167
169
153
133
96
28
-7
-27
-81
-114
-93
-35
10
24
35
80
124
146
145
128
90
40
-14
-75
-114
-102
-57
-1
21
4
-6
-1
56
141
168
122
96
113
106
43
-17
-7
-4
-39
-26
29
98
149
161
113
44
34
91
100
24
-22
-12
28
29
-17
-24
49
136
145
76
41
65
76
56
39
40
36
44
67
89
106
113
89
68
68
84
106
115
103
69
36
-4
-34
-9
11
-18
-54
-46
-4
53
100
123
140
161
146
133
148
157
108
96
105
97
68
27
26
38
5
12
49
54
56
58
72
96
131
162
135
103
112
122
107
76
35
23
22
-20
-52
-11
57
81
56
44
83
119
81
32
45
57
24
-7
-7
20
59
72
40
38
77
99
66
-8
-33
22
77
70
42
49
41
24
24
20
27
39
13
-4
34
93
75
41
67
70
51
57
73
102
88
24
4
48
100
113
83
36
18
52
101
133
138
118
65
11
16
51
71
67
40
20
4
-18
1
52
50
42
76
109
140
140
121
104
54
-22
-62
-67
-74
75
107
83
59
87
147
169
113
22
1
37
53
50
32
-7
-59
-84
-62
-43
-13
49
105
114
120
155
163
122
51
-22
-53
-12
42
56
24
3
53
132
149
112
101
83
4
-28
2
8
1
18
20
-1
-10
9
72
105
93
76
49
18
11
39
67
122
178
117
12
0
70
120
97
20
-67
-117
-66
70
151
149
145
157
141
116
93
69
54
8
-56
-56
-3
51
57
23
-12
-9
66
104
75
64
91
122
135
76
-3
-33
-21
-2
22
38
25
7
-20
-34
-11
23
41
57
53
44
81
124
108
74
114
155
121
96
116
121
92
40
8
12
34
20
-6
20
74
75
48
82
137
119
42
-14
-18
33
85
68
17
-21
-18
44
116
118
80
36
13
16
48
27
-27
-18
23
-19
-88
-57
37
96
116
118
107
102
76
48
54
77
91
88
69
36
-10
-17
28
54
-3
-39
11
85
91
37
-8
-12
8
40
58
65
64
49
53
67
68
39
-26
-69
-70
-26
61
134
122
75
35
4
4
59
153
187
103
36
85
154
151
92
36
17
17
13
32
77
134
157
134
59
-11
34
145
161
119
108
113
129
153
166
147
73
6
25
86
108
91
85
98
104
108
114
53
-40
