199
250
172
99
69
71
87
69
37
26
33
64
105
122
108
134
201
216
184
150
80
16
41
90
84
25
-20
-33
6
65
86
75
71
60
88
173
217
135
32
52
134
169
114
50
74
133
134
73
8
-10
2
18
-3
51
186
240
234
202
132
83
100
105
37
-11
-8
7
17
5
57
155
155
90
60
43
34
66
98
87
66
42
35
37
40
33
-29
-67
-4
114
148
91
56
113
194
162
33
-46
-37
39
125
156
165
172
134
58
16
0
-27
-52
20
149
197
147
81
65
90
90
40
28
42
33
-9
-37
2
51
7
-14
64
161
138
92
76
24
16
56
75
66
56
58
61
96
101
64
22
71
171
210
194
180
163
132
43
-20
5
70
87
84
84
26
-82
-120
-6
128
192
167
138
194
243
198
114
12
-89
-119
-50
21
89
91
35
1
-36
-7
65
85
37
-3
22
80
103
48
-83
-124
-53
-2
-27
37
185
256
244
192
81
7
32
73
44
10
-21
-65
-26
89
161
103
74
101
107
64
-3
-52
-11
51
17
-69
-94
-83
-68
-42
7
11
-35
-66
-2
115
156
135
138
165
129
67
73
130
118
9
-29
1
56
76
66
67
98
136
122
85
87
103
70
41
67
93
81
27
-23
-57
-43
4
72
109
106
89
76
80
73
-5
-72
25
150
104
23
51
80
8
-76
-68
11
72
104
129
135
169
228
224
149
40
-61
-117
-118
-140
-78
28
125
150
99
85
125
133
61
8
1
6
-5
1
42
-13
-105
-58
34
50
-25
-83
-28
77
164
141
11
-68
-50
-36
-33
75
229
233
150
130
145
118
91
99
80
-19
-108
-72
-4
36
16
-40
-7
67
97
50
12
33
25
8
1
24
49
36
5
37
144
187
134
68
96
151
147
118
104
119
100
56
-10
-66
-52
-9
39
88
77
22
9
18
52
133
177
147
129
160
208
226
203
128
18
-76
-109
-60
-6
-6
-38
-42
-22
11
2
-49
-74
24
177
208
118
37
33
70
57
35
2
-89
-161
-130
-43
-23
-1
133
247
218
146
148
209
197
134
85
32
-13
-25
16
87
70
-10
-49
8
108
147
116
121
168
193
180
168
171
155
85
19
-20
-76
-88
-23
44
40
-12
-5
73
136
125
104
101
75
42
39
56
57
25
-18
13
2
-26
9
101
122
88
76
104
123
37
-93
-129
-20
97
100
33
19
66
93
60
-8
-94
-103
-24
44
81
49
11
44
71
38
1
11
76
87
12
1
85
155
177
156
99
90
135
103
107
177
162
68
-20
-54
26
133
150
113
41
-29
-20
72
160
123
-34
-115
0
166
161
9
130
129
51
6
24
99
107
22
48
102
119
92
22
-8
10
53
45
-41
-84
35
90
-2
-65
-6
71
118
120
86
37
10
41
72
19
-51
-34
6
-8
-36
4
49
49
50
64
67
-22
-91
5
183
235
173
129
132
103
13
-11
77
173
145
26
-22
76
220
242
146
56
34
28
-14
-54
-33
24
68
28
-70
-130
-61
76
233
281
216
138
130
184
182
135
75
-26
-97
-97
-25
88
157
118
56
18
-26
-30
-19
2
23
55
105
99
44
53
71
39
20
1
-38
-61
-38
34
99
104
81
74
81
85
104
89
27
-58
-72
-20
-41
-50
84
204
194
133
124
144
113
72
59
59
50
-13
-97
-73
-19
-22
44
135
146
132
165
160
96
52
68
71
22
-24
9
92
88
50
71
59
4
0
44
35
48
103
157
176
84
17
57
98
43
-68
-123
-56
48
80
56
54
107
145
106
40
36
34
4
-4
-14
-24
-13
-9
28
98
99
21
-54
-66
-58
-26
18
64
59
-20
-68
26
178
208
118
20
-10
60
167
129
25
4
27
35
-11
36
5
69
145
178
128
65
11
-1
4
45
70
28
34
69
44
-5
16
105
122
69
37
74
134
148
85
-28
-116
-66
11
-7
-100
-121
-34
90
163
101
24
48
108
108
32
-51
-67
-29
-7
35
69
104
162
214
192
124
72
25
-7
2
28
-27
-82
-27
83
147
136
134
134
102
133
195
141
42
38
45
-13
-27
66
115
80
73
131
183
199
136
41
6
-6
1
-29
-135
-54
117
185
156
90
87
115
105
18
-97
-121
-13
123
184
147
99
67
53
90
101
50
8
-45
-39
42
106
82
54
50
21
-7
17
91
107
23
-7
81
155
100
6
-11
7
57
39
-56
-60
42
115
133
160
154
113
120
155
108
43
-26
-92
-73
3
48
32
18
0
-19
22
144
194
149
89
41
51
85
80
32
-28
-92
-73
-54
19
93
105
16
-70
11
210
297
217
115
86
87
65
18
7
25
48
50
35
20
23
103
141
101
49
32
17
-13
-4
68
118
129
84
37
53
83
58
40
74
96
59
45
93
130
144
135
48
89
104
58
39
37
9
-71
-125
-71
24
82
71
84
116
161
176
129
65
10
7
9
-5
-36
-89
-97
-46
6
42
37
37
103
178
173
122
87
57
34
-4
-19
12
24
32
84
129
115
100
84
35
22
51
36
32
41
-10
-73
-40
74
176
177
116
58
61
120
129
89
84
12
-132
-163
-9
154
231
177
139
193
260
237
116
-26
-92
-55
-13
6
70
116
141
65
-54
-62
2
83
144
163
167
151
72
-7
-28
29
44
-43
-134
-56
120
204
189
137
72
8
7
19
-7
9
83
87
34
76
181
104
136
197
169
57
-61
-116
-54
13
0
-69
-85
-42
9
28
39
107
183
196
165
104
39
-25
-73
-36
26
-19
-178
-214
-5
242
306
208
100
75
116
136
85
21
-13
-73
-94
-39
23
96
151
183
150
72
9
-18
1
74
115
88
80
104
83
69
54
12
25
8
-73
-72
50
157
152
97
58
55
84
115
86
43
42
65
35
-10
2
57
40
-25
-42
52
203
250
150
33
2
64
72
8
-33
6
135
200
198
178
144
101
70
25
-70
-135
-57
60
103
44
-52
-52
99
251
252
179
155
179
196
97
-8
-103
-135
-66
27
77
97
119
135
152
149
76
25
38
11
-82
-123
-88
21
73
12
17
91
81
4
-29
-22
-25
2
29
-9
-73
-25
130
285
313
253
184
138
131
121
98
59
18
-87
-121
2
140
178
134
55
37
83
82
23
-7
28
105
146
140
108
42
20
56
75
40
-1
-8
36
53
34
36
81
70
-10
11
151
152
68
72
92
36
16
117
221
227
150
90
80
45
13
-2
-55
-50
12
69
75
45
41
43
11
-9
-17
7
67
40
-13
60
155
128
102
123
144
133
136
119
65
26
10
-27
-114
-139
-51
60
168
172
100
106
130
34
-12
80
186
180
89
12
-33
-53
-88
-119
-122
-82
-7
38
54
55
130
267
320
221
76
-19
-27
41
105
57
-9
17
99
105
39
9
-14
-69
-9
100
92
3
-29
16
86
118
92
19
98
138
75
26
88
164
137
96
75
59
107
192
182
112
100
81
3
-4
28
50
57
57
20
-36
-27
99
246
252
152
45
-36
-76
32
75
140
116
52
24
50
43
-8
-74
-82
-23
8
-27
-83
-3
124
138
70
86
151
183
182
100
11
-49
-98
-33
118
178
114
2
-85
-92
-60
-33
5
6
-26
3
144
243
241
164
70
22
51
83
43
-55
-142
-99
-7
-1
-37
-40
5
131
241
203
57
-77
-120
-29
65
100
70
48
67
100
129
123
109
70
-18
-51
-40
-70
-71
-20
20
-27
-93
-37
100
185
183
148
87
-12
-22
99
133
34
6
27
41
50
72
108
100
42
5
