-66
-71
-49
6
66
87
83
91
113
116
132
149
122
88
75
68
16
-36
4
103
131
81
39
34
22
-43
-78
69
228
196
96
70
152
263
295
219
92
-7
128
132
81
61
114
131
60
18
43
39
40
69
73
82
82
39
-36
-67
0
92
163
186
208
234
236
204
122
40
8
-45
-87
-42
40
140
137
54
17
-22
-60
-3
92
118
75
38
86
178
194
109
33
34
68
23
-68
12
200
246
164
121
152
153
140
149
140
85
-6
-90
-93
-46
-1
69
172
187
108
39
32
61
65
36
-10
-61
-65
21
151
176
118
140
267
309
194
101
118
146
117
44
-21
-54
-68
-45
19
125
181
192
215
233
221
177
113
54
-1
-26
25
90
88
70
96
120
72
-25
-107
-23
164
273
195
49
0
41
57
48
32
9
-19
196
316
280
210
187
162
116
84
40
-19
-23
34
72
16
-58
-70
-38
23
50
59
97
165
161
134
197
280
227
49
-85
-115
-83
-53
-37
-36
-37
-12
67
140
117
101
160
192
154
131
160
155
77
5
-34
-40
37
130
162
149
82
7
1
36
80
97
86
89
116
114
69
18
18
43
29
-11
-97
-117
-13
85
144
184
210
220
199
140
121
154
135
53
1
-3
1
-21
-69
-51
18
85
64
9
82
201
229
197
130
36
-56
-132
-109
-55
-50
11
74
104
169
181
146
133
89
39
24
-33
-113
-125
-140
-142
-69
29
64
54
71
104
121
99
38
-21
-28
2
-2
-29
-2
92
164
135
51
5
-7
-28
-33
-26
26
83
42
11
70
154
148
35
-59
-50
4
32
7
22
59
114
145
49
-50
-23
68
113
66
26
56
85
36
-25
-43
-17
21
40
33
73
146
124
118
129
84
43
36
40
45
38
36
13
-25
-38
49
123
70
12
89
164
136
98
71
64
59
56
56
45
22
2
-51
-104
-70
-33
-29
-3
36
75
53
17
28
54
67
40
26
38
36
24
11
6
33
99
140
176
259
245
162
39
-36
-66
-56
-13
10
-19
153
112
74
108
136
124
97
98
103
54
-2
-8
-6
-7
5
-13
-26
87
224
258
189
109
75
134
184
137
60
28
43
87
71
21
26
9
-53
-56
21
98
82
60
70
19
-22
19
87
66
-18
-52
7
96
96
56
28
-17
-49
17
91
75
37
23
41
73
96
99
44
-18
18
103
40
-33
88
213
184
121
100
75
45
39
44
57
74
100
122
112
91
84
51
-37
-137
-182
-150
-55
92
256
309
242
202
217
215
152
81
41
41
11
-56
4
-85
-91
29
155
180
132
65
20
64
77
26
-25
-45
-11
36
80
57
-12
-67
-41
20
38
1
-11
36
90
85
39
-4
39
139
185
144
129
162
187
168
104
24
-36
-78
-59
39
117
84
7
-13
40
134
183
141
72
70
90
87
75
49
36
58
87
112
122
114
67
-2
-70
-85
-50
1
20
17
70
161
202
202
179
114
29
1
-37
-68
2
105
117
43
11
29
49
80
101
74
37
59
101
107
84
58
50
-19
-91
-55
-13
-11
33
81
77
83
68
28
-11
-36
-13
6
57
131
138
123
85
36
22
24
54
52
-6
-45
12
103
139
91
-5
-51
3
61
32
-41
-82
-56
-2
42
75
104
119
147
199
209
156
89
74
16
-49
-18
108
197
161
88
64
81
122
115
67
57
51
49
96
121
38
-87
-145
-78
37
114
121
100
71
97
177
227
183
93
25
17
56
76
37
0
-37
-36
-12
-3
2
5
-9
-57
-26
83
92
21
51
184
234
167
86
42
13
-14
-62
-74
-68
-59
7
76
107
83
67
97
99
96
98
19
-29
16
75
59
-55
-136
-74
21
68
55
34
51
102
164
221
244
177
100
112
133
83
25
-19
-55
-7
73
104
75
51
50
52
101
160
149
53
-42
-51
23
97
68
11
54
146
203
204
137
52
41
100
113
36
-28
36
130
125
90
87
98
65
17
-10
19
107
148
103
51
38
87
144
106
-43
-153
-73
58
76
22
27
64
83
102
85
61
74
93
84
58
52
56
68
45
17
-33
-91
-65
-3
57
109
109
114
148
147
92
12
-78
-100
35
187
176
69
26
81
140
120
58
13
-28
-13
54
118
132
116
75
9
-41
-17
81
128
81
58
90
105
101
61
-40
-113
-12
112
125
69
32
28
23
10
3
-1
-10
19
84
80
25
1
0
-23
-55
-37
-7
4
10
66
120
113
57
12
4
49
84
60
55
39
-2
-17
23
82
87
40
-19
-56
-23
77
171
136
37
40
151
240
201
89
21
12
34
67
105
123
115
82
65
42
-34
-105
-94
-21
19
55
98
129
141
114
55
6
21
40
8
-29
-28
54
124
71
-2
-8
39
96
118
59
0
20
13
-40
-29
44
88
36
8
55
88
120
154
116
48
22
43
51
34
5
-27
-21
49
132
118
55
57
96
91
72
48
4
-21
2
16
10
-1
0
71
115
80
8
11
69
121
146
135
98
59
10
-17
39
116
84
-9
-12
76
106
41
12
66
80
58
58
69
112
169
163
100
34
-34
-69
8
141
197
137
41
32
52
32
26
60
55
4
23
102
196
236
225
192
118
25
-61
-106
-33
36
76
128
130
154
209
186
147
162
147
64
0
2
23
13
-24
-49
-55
-101
-132
-21
105
140
117
86
77
81
134
161
82
8
6
13
39
86
112
70
-14
-52
-40
22
109
156
148
116
84
39
-8
-28
6
58
52
32
16
-33
-25
85
172
131
36
4
23
41
56
60
52
43
38
59
85
88
70
18
9
39
20
-60
-110
-61
41
131
162
149
91
29
35
116
146
102
56
11
-42
-71
-100
-116
-37
57
104
81
34
33
107
149
91
20
1
0
-3
-7
-10
12
84
116
91
17
-12
53
166
188
122
50
53
113
123
73
26
6
1
44
68
39
60
147
194
156
100
81
90
98
66
10
-25
-13
42
77
16
-52
-107
-102
27
180
187
100
74
117
140
106
49
2
-57
-138
-123
-35
2
-24
-84
-107
-66
-1
57
85
112
153
186
179
156
151
148
115
50
7
9
21
11
-6
-13
-42
-37
49
128
155
179
179
136
89
55
58
101
97
23
-25
-5
52
72
42
9
-39
-39
22
16
12
43
89
134
164
169
131
104
106
87
86
107
105
105
106
52
35
88
35
-65
-45
19
19
-26
-33
24
90
99
90
92
90
77
57
50
40
34
59
65
36
9
-23
-10
25
26
-17
-13
45
69
6
-26
89
236
215
128
104
108
93
56
16
-38
-74
-108
-100
-7
28
-7
-17
18
40
53
36
11
17
39
74
107
98
54
5
2
50
107
122
104
75
67
73
51
-7
-60
-52
-11
16
1
-72
-19
171
275
210
137
122
132
152
160
113
48
27
27
50
100
149
128
38
-27
-39
-20
-12
12
91
154
150
136
149
137
76
36
61
98
82
9
-2
96
186
133
35
28
67
52
23
59
120
137
103
55
35
34
-13
-30
9
16
-17
-28
44
103
74
10
-35
-24
21
50
29
-3
0
53
96
131
101
5
-12
107
165
106
55
58
55
50
50
29
45
93
98
39
-9
-23
-5
16
-3
-61
-83
-91
-57
48
153
161
134
134
146
145
83
57
92
83
19
-66
-77
-30
-5
-22
-54
-50
8
72
87
82
59
38
54
42
-30
-123
-163
-101
3
66
81
80
83
64
38
42
57
26
-19
3
75
125
140
137
148
118
26
-19
16
36
10
-17
-24
8
104
167
144
132
120
83
58
49
84
108
72
66
92
123
193
229
149
50
36
4
-105
