49
60
55
132
186
150
104
119
155
156
131
96
84
89
58
20
19
55
91
89
77
92
135
194
204
187
176
147
91
49
-18
-61
-60
-53
-30
54
122
120
87
74
74
58
49
54
61
41
29
23
32
32
32
77
128
138
106
75
60
70
48
24
18
-36
-54
54
180
225
171
82
58
104
119
71
7
2
3
-12
-11
18
33
34
51
65
66
50
87
108
55
17
43
68
112
180
201
163
64
-4
3
23
27
-6
-25
29
65
44
44
48
29
81
115
93
115
145
146
135
131
118
84
34
-40
-129
-121
26
141
113
53
51
21
-11
42
117
106
38
-34
-73
-29
65
97
72
60
35
5
16
26
21
-6
-53
-9
64
76
93
141
197
213
183
136
102
71
66
106
134
92
27
-10
-25
-25
-10
2
41
68
112
179
217
234
209
162
136
91
45
19
5
-11
-70
-36
64
173
210
156
102
88
128
140
83
3
-53
-72
-36
39
24
-60
-66
49
184
149
144
149
123
85
17
-56
-101
-142
-183
-138
-43
26
86
75
12
61
189
224
109
35
107
162
128
106
88
74
84
69
17
-60
-108
-24
109
161
96
10
20
85
104
68
5
-17
2
-13
-55
0
82
61
-5
-58
-39
38
146
195
161
57
0
40
57
41
19
-34
-82
-90
-57
19
89
105
123
156
176
179
179
163
118
74
52
1
-58
-77
-57
-11
68
113
129
164
197
192
132
44
-3
-7
-23
-50
-89
-73
6
25
3
54
145
195
194
183
199
164
59
-23
-51
-22
21
16
-57
-133
-92
66
179
113
10
23
48
65
73
57
61
86
88
57
19
-33
-61
-24
22
13
-57
-104
-58
-14
-17
1
73
105
103
148
194
184
153
119
55
-36
-108
-75
-10
-5
11
73
82
3
-11
61
149
165
135
124
117
86
53
18
-6
-23
-41
-24
50
135
195
205
201
128
35
16
44
58
54
51
35
23
18
2
-3
-10
22
96
86
51
117
186
166
84
-14
-103
-105
-40
3
65
153
182
109
42
40
42
-6
-51
-17
40
33
3
33
70
41
-10
54
192
219
164
133
152
172
163
109
26
-65
-124
-114
-35
37
107
153
105
37
36
102
139
137
93
65
68
64
50
55
42
1
-29
-57
-59
-17
55
118
89
21
-14
23
125
151
61
3
56
138
173
155
70
-4
13
56
-6
-125
-157
-114
-104
-69
69
180
169
116
106
128
119
55
18
3
-49
-78
-4
85
97
40
-26
-72
-72
-42
10
90
91
27
19
52
68
70
103
129
113
57
34
96
123
28
-51
7
130
164
113
66
83
104
118
138
138
117
49
17
69
106
122
112
90
55
32
57
99
107
65
-12
-70
-98
-65
5
83
98
56
84
162
196
67
-71
-101
21
120
72
-7
-6
39
92
150
169
154
85
-18
-41
-26
13
105
147
114
82
72
112
134
100
39
-5
-14
2
-13
-29
33
109
55
-49
-92
-18
128
187
163
144
124
109
118
116
53
-35
-89
-106
-126
-113
-37
48
70
28
-11
-22
17
60
86
105
119
107
69
49
81
80
33
-14
-72
-98
-13
114
185
152
107
96
93
81
38
8
42
99
104
37
-17
6
100
151
121
69
64
69
85
101
89
81
45
19
23
27
9
-37
-45
27
51
37
67
113
123
97
121
193
180
91
67
124
120
57
33
49
69
53
3
-39
-57
-21
66
68
34
96
136
109
73
51
28
16
-35
-77
-28
52
82
50
6
-5
-12
4
34
51
65
65
36
20
68
100
74
59
35
-75
-184
-180
-100
-7
42
52
51
41
71
153
217
230
169
74
26
58
115
135
130
116
64
3
-39
0
144
235
230
202
173
120
89
97
128
141
74
-19
-27
54
117
149
152
104
75
59
18
5
18
4
28
90
103
51
54
130
115
24
-4
-17
-37
-2
60
66
-27
-131
-78
33
26
-84
-122
-10
99
128
105
89
97
102
84
44
23
3
-49
-37
50
68
-18
-6
75
76
90
129
122
104
84
55
17
11
11
-36
-108
-166
-166
-60
98
156
123
119
131
134
114
104
96
87
87
101
104
74
27
11
50
20
-75
-92
-10
82
139
149
117
77
38
8
5
21
43
36
53
155
234
218
179
168
171
147
80
25
0
-37
-65
-42
52
72
-25
-59
6
72
76
12
-73
-73
42
99
7
-27
39
116
131
116
102
86
76
52
34
53
55
28
-5
-28
6
55
33
-14
-26
43
130
156
122
90
84
68
55
64
39
-26
-108
-113
-29
57
123
131
105
89
104
169
216
138
25
21
64
53
70
113
89
36
6
8
0
-27
0
90
123
120
152
178
164
144
125
100
35
-50
-43
-12
-39
-87
-84
-26
22
107
200
247
230
146
128
52
-53
-133
-137
-101
-45
21
1
-45
-36
44
115
99
75
106
132
131
112
86
53
-4
-72
-89
-46
-9
-4
18
32
36
57
85
98
73
-12
-90
10
160
178
137
114
80
55
80
81
8
-52
-81
-30
77
155
123
74
67
44
-23
-100
-41
-20
16
92
161
165
136
102
86
72
91
132
122
64
4
-49
-75
-60
-29
0
21
21
-12
-8
70
108
66
-13
-83
-55
41
103
113
160
214
181
90
17
-13
0
54
82
59
36
18
-7
17
90
74
5
3
29
40
71
91
76
55
75
121
136
104
86
84
54
12
-13
-42
-50
-11
41
104
116
98
89
86
82
61
61
91
73
22
-2
25
98
128
135
169
197
220
236
226
182
106
32
-30
-88
-101
-61
-14
-14
-52
-76
1
113
145
121
49
-23
-19
28
18
-35
-17
28
23
-34
-103
-50
20
67
104
114
123
118
91
134
171
129
37
-41
-51
17
65
70
59
22
-24
-25
49
114
77
34
48
84
93
59
8
7
71
118
120
86
48
41
40
9
-37
-89
-92
-20
88
172
105
43
-4
8
92
145
131
102
88
82
103
119
131
105
39
17
59
73
84
114
113
80
28
10
6
-4
1
55
107
87
26
29
55
102
168
186
128
37
17
45
18
0
59
139
172
172
176
148
114
123
104
41
-1
-21
-45
-75
-50
-20
-42
-51
1
35
28
102
218
265
231
181
147
73
-24
-81
-24
93
136
67
20
48
118
150
103
32
-2
25
72
144
180
134
117
160
161
104
43
-8
-3
29
32
-13
-57
-24
17
59
96
76
56
39
27
41
43
25
18
38
68
75
40
-7
-2
71
125
88
20
-26
-41
65
189
192
99
12
24
98
131
113
81
19
-41
-68
-29
21
53
4
-66
-26
97
176
214
204
149
116
119
59
-67
-125
-150
-195
-180
-53
141
280
310
280
233
200
154
45
-97
-194
-166
-89
-46
-19
4
49
109
161
162
90
11
-27
-3
67
66
-42
-114
-28
58
43
8
53
137
162
123
76
76
109
123
92
17
-65
-85
-27
41
83
42
-10
-1
55
87
70
84
108
102
83
74
104
132
65
-37
-52
-26
-41
-43
5
73
113
120
125
101
71
68
82
70
57
39
10
-5
-36
4
59
22
-68
-103
-2
90
66
88
119
90
82
97
120
136
109
69
51
58
43
2
2
34
29
42
91
108
101
125
180
192
137
89
65
19
-33
-3
68
69
68
121
169
173
119
67
68
71
73
96
72
-9
-56
-24
41
60
6
49
106
120
118
118
125
101
28
-9
24
74
49
-19
-38
6
37
48
75
101
83
37
-22
-53
-33
27
84
102
73
76
122
129
82
34
4
-60
-88
8
124
131
73
58
73
64
23
3
38
65
51
27
56
76
33
-11
-25
-18
4
35
40
36
34
-7
-60
-40
60
154
193
180
147
133
182
227
205
134
28
-35
