88
112
161
129
42
-17
-46
-69
-29
8
-23
-73
13
171
216
151
64
65
122
116
73
54
10
-25
1
48
5
-116
-158
-28
125
172
163
178
245
288
249
156
44
-45
-84
-68
-67
-87
-100
-101
-24
134
242
220
148
135
161
121
-38
-155
-97
11
29
-2
55
210
297
246
68
-81
-120
-104
-57
-19
18
82
83
74
136
169
154
107
65
51
35
7
-5
4
-20
-34
37
133
164
138
69
-10
-23
39
124
122
35
4
68
113
106
104
113
60
-19
-13
67
103
65
51
99
107
39
-12
-4
37
71
56
17
-60
-100
-8
122
195
176
84
6
-20
20
84
74
17
-12
4
17
60
139
157
133
98
42
-18
-28
-5
-10
-88
-147
-72
87
165
125
61
11
9
48
40
4
-10
6
53
70
29
-18
-34
3
69
100
98
50
17
96
216
209
97
32
57
100
75
10
9
68
83
59
5
-38
5
117
200
189
136
122
122
119
117
108
87
26
-53
-87
-42
-5
-18
9
48
40
41
69
87
80
92
50
-55
-66
72
198
183
105
60
66
61
-4
-51
-13
36
27
-26
-50
6
32
-43
-87
-54
-21
21
64
93
131
157
149
123
131
161
166
138
135
121
67
2
-38
-100
-115
-45
5
50
91
138
168
154
135
82
-28
-107
-62
-7
-3
26
87
145
138
91
80
65
51
68
102
98
41
10
20
5
-33
-30
9
-5
-40
12
90
155
204
213
169
65
-12
-8
57
123
112
64
48
61
73
70
68
83
114
149
163
140
89
64
9
-56
-5
102
134
90
65
61
103
153
160
128
49
28
117
168
140
140
173
167
118
85
104
136
136
85
35
54
116
144
119
75
64
147
262
323
320
289
300
322
320
321
322
278
200
189
237
247
263
316
326
289
265
264
228
152
112
122
141
138
120
81
70
101
148
192
182
123
97
108
121
86
11
-35
-28
-2
26
21
18
-11
-90
-174
-219
-181
-109
-100
-134
-169
-136
-17
60
-3
-132
-186
-151
-110
-92
-85
-115
-151
-130
-85
-90
-134
-199
-241
-237
-193
-157
-168
-198
-188
-131
-89
-21
56
40
-22
-70
-90
-87
-118
-199
-274
-262
-132
-6
36
33
-30
-82
-34
17
3
-83
-162
-141
-39
43
33
-99
-38
25
45
52
45
11
-12
-2
2
-37
-85
-67
-4
27
34
-1
-58
-62
-28
32
122
137
40
-53
-7
137
-2
-42
-2
37
74
40
-53
-69
26
117
124
100
85
53
43
82
118
120
97
64
54
68
75
61
-25
-103
2
163
198
152
107
88
115
133
105
69
65
70
76
82
92
89
83
92
84
76
70
103
180
226
69
-2
-43
-10
90
121
56
27
72
124
164
147
84
67
82
67
68
102
122
116
53
-21
-21
43
84
48
-2
19
70
101
118
129
115
70
23
-33
-90
-2
165
216
141
56
70
122
141
116
57
34
48
67
97
113
75
0
-40
26
176
231
187
137
128
145
139
106
85
49
4
-17
-23
12
51
11
-67
-81
-20
0
-10
54
192
284
259
152
58
22
48
102
114
72
22
-10
-21
-18
-9
-51
-116
-98
8
106
140
132
130
162
194
184
124
50
25
56
81
27
-65
-39
56
97
52
-1
-9
21
76
122
77
-71
-193
-150
4
112
120
61
-4
-56
-78
-14
69
87
19
-37
-24
82
219
300
288
192
91
67
73
37
2
-20
-5
21
5
18
85
115
132
154
137
56
-40
-53
27
104
117
64
-3
2
65
134
166
123
90
117
154
178
136
75
77
113
85
36
55
102
119
116
107
85
86
60
18
26
83
75
21
20
66
72
45
50
84
133
161
124
40
-7
52
147
153
90
25
26
77
108
121
115
69
21
9
27
41
33
24
37
72
73
84
121
139
161
171
123
48
12
60
74
-21
-76
-34
58
137
161
186
209
205
172
118
93
60
-11
-68
-70
-50
-3
54
105
151
135
114
134
108
54
32
11
-33
-71
-17
76
119
132
134
122
60
5
-7
-41
-37
23
25
-20
-14
72
145
118
42
21
54
67
9
-77
-61
16
107
99
0
6
116
197
196
138
81
45
-7
-77
-90
-38
32
68
34
-6
4
35
93
114
69
17
-4
32
92
88
49
39
37
22
11
3
-43
-66
-7
49
96
133
145
122
67
65
102
137
145
120
80
42
16
0
-27
-76
-106
-140
-153
-121
-35
98
224
289
291
231
162
144
138
76
-33
-93
-104
-84
-45
-19
28
72
118
186
196
161
122
86
48
57
50
-11
-40
9
44
40
45
60
48
-28
-82
-73
-77
-60
-12
56
103
101
96
99
144
184
198
188
147
82
43
49
7
-72
-123
-119
-70
-37
-4
104
197
209
210
171
72
4
18
66
81
71
37
22
39
70
48
-28
-51
35
124
132
53
41
96
122
117
96
98
113
84
45
65
51
-18
-50
-2
-6
-13
91
187
209
233
237
185
116
50
20
40
7
-76
-156
-167
-105
5
65
39
27
54
87
124
148
128
80
34
-18
-29
-7
-19
-55
-109
-184
-204
-123
9
105
123
137
196
244
195
120
99
86
34
-29
-59
-101
-130
-103
-81
4
130
128
86
146
243
235
115
-14
-56
-40
-67
-109
-100
-21
70
128
145
185
201
149
91
84
105
87
25
-38
-60
-23
73
120
61
-7
-53
-51
-3
39
43
49
65
83
113
137
136
131
105
69
49
28
39
70
65
26
-11
-25
-17
25
102
171
188
171
140
102
74
83
61
11
-39
-60
-28
-4
27
116
183
109
97
96
93
71
3
-56
-81
-54
22
77
72
28
10
34
92
147
129
106
118
90
68
49
-52
-146
-93
29
91
72
56
82
108
98
41
-37
-75
-19
43
69
74
72
52
24
-12
-52
-27
27
84
112
106
54
22
81
139
137
65
10
17
66
133
138
97
73
12
-81
-109
-85
-38
60
108
76
58
88
135
164
119
36
19
67
74
32
13
44
98
121
67
10
42
75
50
17
33
88
164
200
172
155
137
66
-2
10
98
150
116
52
-8
-13
54
104
75
-2
-49
-2
98
171
227
253
240
197
137
90
12
-102
-171
-134
-68
-5
70
146
229
310
341
257
132
64
3
-38
-20
21
1
-6
2
5
34
32
-28
-69
-40
42
145
186
148
104
77
67
2
-93
-121
-87
-70
-58
-8
57
116
147
149
128
104
129
171
130
12
-37
-23
-13
11
48
71
130
179
184
150
90
28
-37
-117
-142
-75
-3
-3
18
51
66
82
146
198
179
112
74
84
97
70
-8
-77
-105
-104
-84
-51
-23
64
121
86
9
8
68
119
75
1
35
101
91
42
32
26
37
50
29
-26
-92
-59
12
3
-61
-66
24
123
124
40
-12
-10
27
80
114
91
19
18
117
198
202
176
162
139
75
-36
-104
-74
17
104
88
27
49
80
102
163
208
188
116
37
35
101
104
29
-17
-12
-7
-39
-75
-55
-1
56
161
228
166
72
75
146
163
74
2
10
24
-6
-12
-41
-68
-82
-45
45
122
149
188
235
204
125
67
43
49
52
27
7
11
29
24
12
6
16
33
19
19
68
108
108
69
3
-18
-28
-8
101
169
125
58
38
51
60
57
80
86
50
13
42
106
139
125
92
28
-26
-5
33
16
-30
-90
-83
-23
-30
-38
67
201
210
219
210
172
102
29
28
22
-33
-90
-105
-87
12
179
284
272
200
144
136
135
97
43
-39
-118
-117
-81
-34
20
-8
-83
-9
194
315
300
245
212
179
123
13
-116
-148
-91
-58
-30
36
169
264
202
65
17
82
123
99
55
54
55
19
-40
-117
-185
-129
45
167
160
103
115
204
241
176
92
36
11
