10
80
73
11
-24
2
82
81
22
-3
16
71
75
48
18
18
57
82
29
-10
10
72
80
51
39
41
51
33
-1
-21
65
115
17
-72
-67
38
134
106
50
44
45
58
98
103
69
51
74
98
82
71
81
99
91
16
-42
-26
75
176
156
93
68
75
104
100
32
-27
-74
-58
56
155
139
60
44
26
-26
-11
77
132
91
20
-30
-33
21
81
39
-59
-61
40
150
169
128
72
20
-4
-12
44
121
108
51
21
33
43
6
-57
28
87
56
10
1
10
19
60
73
9
-25
26
154
226
179
118
82
56
60
38
-23
-33
55
164
183
113
53
26
34
49
33
1
-34
-46
18
106
106
32
-42
-34
69
122
57
-18
-33
53
152
121
27
-26
-20
53
105
38
-65
-66
33
120
101
38
21
25
9
-18
-8
41
58
-7
-36
36
57
3
-52
-87
-22
89
134
60
-43
-81
18
128
82
-24
-61
1
107
113
48
18
48
75
81
87
56
40
85
120
107
85
85
85
80
71
53
45
28
20
84
201
247
193
154
151
148
120
54
3
11
5
-41
-71
10
118
76
-39
-108
-70
-12
-1
-25
-39
-24
-36
-34
5
26
-21
-93
-88
-56
-57
-51
-19
48
120
91
-5
-62
5
118
88
7
-9
-28
-9
70
133
86
17
36
98
119
86
64
57
50
9
-73
-106
-26
67
141
171
156
156
182
200
199
152
41
-67
-117
-87
6
96
117
89
32
-19
-21
23
44
7
-35
-9
84
151
87
-5
-28
23
87
76
40
27
42
51
22
24
57
58
80
132
162
165
168
166
150
112
86
76
38
0
20
26
-18
-34
-6
72
196
208
90
-14
-24
56
129
82
-24
-66
18
103
74
4
-38
-33
20
85
56
-25
-34
71
135
88
57
67
58
17
-13
-5
59
119
87
29
7
4
51
119
137
105
73
41
37
68
71
38
19
-8
135
285
280
187
118
119
148
141
113
75
42
64
106
146
184
199
171
161
177
172
153
133
153
194
154
139
137
108
59
22
-23
-40
24
74
65
23
22
85
129
130
128
125
98
42
23
49
40
-4
-35
28
151
157
65
19
41
83
101
101
109
97
44
23
45
74
70
-12
-131
-154
-122
-76
-19
43
122
177
120
1
-17
84
232
217
107
92
165
275
361
396
376
322
257
213
234
298
343
363
432
481
460
469
475
505
505
443
441
489
485
459
476
501
501
517
529
530
492
412
326
282
313
358
379
360
289
171
112
134
139
109
69
10
-43
-67
-26
-21
-59
-71
-53
-55
-81
-92
-87
-115
-171
-211
-237
-290
-332
-327
-300
-264
-278
-308
-311
-337
-339
-281
-232
-244
-305
-374
-381
-347
-277
-234
-263
-312
-333
-344
-349
-309
-273
-282
-269
-217
-151
-124
-146
-173
-225
-274
-265
-238
-277
-298
-266
-264
-252
-196
-134
-84
-73
-101
-98
-87
-87
-62
-40
-40
-59
-121
-141
-109
-67
-54
-60
-84
-88
-35
-76
-28
52
68
-10
-49
21
54
-2
-104
-106
-23
68
105
32
-65
-42
92
205
166
83
112
156
160
146
154
178
165
118
53
39
64
67
87
117
107
117
140
98
67
124
169
151
137
135
132
178
128
102
103
108
118
97
75
91
103
100
129
150
147
148
145
117
64
25
20
33
39
52
114
178
217
226
216
196
169
151
121
97
45
17
75
125
109
51
42
117
178
164
106
40
18
51
77
82
53
33
50
54
39
37
49
58
21
12
84
139
156
181
201
218
243
247
195
67
-42
-71
0
85
68
26
57
71
-4
-57
-2
117
169
96
11
29
137
208
184
121
55
16
19
49
69
50
7
-41
-84
-1
147
229
178
82
80
133
129
85
64
64
48
28
36
32
2
12
27
2
4
58
69
65
89
131
166
177
187
229
221
171
131
107
64
18
-1
10
96
114
6
-81
-83
27
178
216
145
75
56
50
38
4
-40
-75
-61
-5
59
91
64
25
18
6
8
22
19
4
2
39
85
92
26
-42
-72
-20
65
76
27
-29
-45
-14
28
55
40
-46
-123
-58
65
134
90
3
-52
-75
-26
48
43
-9
-37
6
36
-51
-164
-105
65
144
65
-9
-11
67
149
117
17
-43
-35
41
124
100
27
-54
-65
71
220
219
129
96
116
133
116
90
66
41
32
11
11
64
104
33
-42
-24
67
180
208
131
54
56
100
100
12
-69
-70
-10
50
88
57
23
27
41
39
41
24
9
64
137
150
131
125
123
98
58
35
26
5
-13
2
97
151
107
69
71
98
150
178
166
137
130
153
162
133
115
109
100
83
55
35
42
49
72
118
115
88
83
82
57
22
8
56
135
176
139
90
88
114
70
1
-10
-5
18
107
125
52
33
20
-45
-103
-123
-98
-37
50
61
33
11
-1
28
130
234
258
220
193
241
304
309
247
186
166
135
98
68
80
108
88
35
-37
-59
25
146
104
51
59
102
81
8
-13
-20
-5
66
162
165
96
57
57
97
104
70
69
87
76
74
81
68
11
-27
29
133
144
98
97
97
72
54
57
87
86
53
34
13
8
59
52
-9
-10
74
140
99
3
-92
-93
5
84
40
-41
-56
-5
44
91
67
-28
-50
50
120
66
-23
-30
67
141
96
29
37
90
149
163
134
67
17
12
16
36
52
41
23
25
20
10
48
86
87
58
39
44
50
23
-24
-17
66
137
93
16
19
55
82
107
86
20
-8
22
86
51
-81
-101
42
136
70
-2
-2
29
64
42
-17
-4
81
104
20
-54
-68
10
88
74
-8
-29
102
171
118
58
42
-17
-73
-41
10
57
28
-22
9
92
134
121
89
44
24
26
37
36
17
9
8
-10
-20
19
70
85
53
32
69
104
51
-7
4
59
75
51
23
6
-19
-12
65
122
71
33
85
150
160
131
53
-22
-46
18
101
98
66
28
-20
-56
24
172
168
70
57
120
145
86
7
-60
-125
-77
40
74
58
54
66
124
152
106
74
87
84
88
77
22
-35
-49
3
85
106
60
42
55
9
-74
-73
32
146
135
41
32
93
124
104
68
35
10
29
43
55
54
16
0
3
8
8
24
60
97
80
84
120
84
19
20
51
36
10
21
16
-33
-7
169
310
246
118
66
121
198
155
42
-10
-12
7
35
39
32
38
26
-12
-42
-23
41
60
-7
-52
21
91
34
-93
-139
-22
107
97
-9
-41
75
189
105
-60
-137
-101
-39
-21
-1
4
17
-9
-53
-3
59
55
-23
-60
10
71
33
-61
-140
-106
-29
25
51
27
13
69
119
109
67
29
45
75
58
59
90
91
65
42
39
58
77
100
136
178
232
262
220
176
155
128
91
75
39
18
60
71
48
90
161
133
92
112
112
89
104
132
102
36
34
82
102
75
49
71
144
168
107
42
18
57
97
89
58
27
39
69
90
96
96
86
83
90
72
49
34
60
105
90
61
54
54
69
105
89
39
48
97
123
155
118
13
-36
19
131
168
147
134
136
117
57
-2
-36
-6
22
18
-23
-57
9
104
88
12
-17
-4
51
112
76
11
21
51
40
19
19
22
8
2
-2
5
28
42
48
53
75
124
155
133
74
70
106
122
113
87
53
38
6
-41
-43
2
41
9
-33
-45
-107
-135
-108
-91
-52
36
114
129
70
1
-40
-60
4
123
131
114
145
152
139
136
121
64
-11
-28
51
242
227
180
162
146
138
120
101
83
83
97
72
32
-5
11
82
81
36
38
86
118
89
42
19
34
176
13
66
102
89
283
-12
52
6
