106
161
124
57
9
-23
-7
54
89
65
45
24
-19
-40
0
52
34
7
24
65
117
156
117
5
-101
-117
-24
5
-4
-12
-29
20
145
169
98
43
66
109
128
129
85
45
44
41
1
-37
-52
6
66
6
-26
23
92
119
71
24
20
-9
-39
-35
-17
7
36
-9
-77
-36
24
12
-34
-39
42
133
120
73
58
25
-7
-28
-8
43
68
58
24
-19
-39
-18
4
-30
-88
-5
166
267
245
160
102
100
124
90
22
22
52
34
-13
-17
40
69
38
-4
24
132
177
165
156
116
43
44
80
84
45
-7
-20
49
104
52
-19
0
99
150
113
98
149
164
139
144
128
64
-7
-67
-51
38
101
117
146
197
229
212
155
103
60
23
19
19
-11
-43
-5
75
129
80
7
18
72
70
42
51
57
75
108
132
108
83
97
132
136
84
71
113
140
72
-49
-42
76
138
72
20
48
82
65
12
-10
-17
20
102
138
101
92
89
53
-5
-50
-35
2
34
26
5
38
89
72
8
-9
26
114
166
131
52
-2
-8
23
64
25
-34
19
155
226
177
97
64
52
32
23
35
35
17
18
7
4
33
38
21
67
120
128
120
138
147
120
93
89
100
66
1
-10
27
69
58
19
8
50
69
61
69
77
60
42
51
66
57
54
39
52
92
97
97
109
97
61
38
27
5
-27
-26
3
8
-50
-81
23
162
171
98
33
11
44
69
39
2
-3
23
93
121
57
11
52
140
167
132
90
59
55
74
76
32
-41
-57
-2
43
54
54
87
151
176
124
71
82
96
60
50
75
64
-3
-46
-9
76
163
162
102
70
50
42
34
-4
-38
-6
90
141
77
4
40
106
141
117
28
-13
3
24
18
11
53
98
60
-40
-117
-88
0
72
73
33
18
11
16
44
71
91
93
68
58
66
50
37
50
8
-41
-59
3
90
80
11
12
86
130
104
71
39
12
85
181
156
57
-1
-2
70
148
124
32
-19
12
81
65
-12
-1
58
66
49
67
100
88
23
-27
-26
-24
-26
-21
-2
20
45
72
33
-77
-121
-39
113
218
121
131
172
167
115
54
-4
3
76
145
186
154
66
22
7
-8
-7
29
112
147
80
-8
-60
-14
97
152
105
12
-26
5
56
39
10
21
39
44
32
23
43
26
-50
-89
-33
50
116
76
-49
-62
43
120
70
-50
-107
21
171
153
60
23
24
37
40
33
39
53
50
26
48
96
71
7
3
21
-8
-51
-24
19
52
74
101
99
66
56
51
18
-38
-87
-59
-7
-18
-60
-17
75
114
80
-6
-58
-13
56
76
17
-51
-43
19
81
43
-20
-29
-2
51
106
116
71
41
67
87
68
43
38
34
21
4
-7
32
98
81
36
49
64
55
72
116
116
65
-4
-37
-5
57
101
87
65
72
81
59
-6
-61
-40
-6
1
23
39
25
-17
-24
55
113
60
22
53
116
165
133
54
10
1
6
51
73
25
-34
-21
45
103
116
88
66
48
56
86
76
27
12
50
40
-11
2
77
109
86
48
51
91
129
148
120
74
38
38
100
133
101
6
-90
-73
17
92
93
59
48
83
137
152
116
87
97
92
49
24
41
83
66
-4
-26
26
80
50
21
18
2
-5
53
220
156
103
120
131
106
72
55
49
53
72
86
96
100
106
118
119
107
118
114
85
73
71
37
-13
-52
-6
73
87
68
74
103
148
192
188
134
98
87
96
99
66
7
-30
-24
37
121
173
130
82
102
148
169
153
131
96
53
6
10
41
11
-42
-37
17
43
56
69
51
43
80
129
140
116
87
39
-8
-21
13
66
61
7
3
45
53
33
35
56
35
-8
-1
60
122
135
117
103
83
75
75
27
-25
-1
93
199
199
151
138
146
117
70
32
-5
-58
-45
21
77
68
24
0
-7
8
60
113
144
184
199
163
131
133
164
151
57
-6
0
50
68
27
-17
-29
38
114
101
66
55
75
87
72
35
23
32
38
2
-53
-45
51
131
92
28
40
89
93
2
-65
-20
76
115
92
89
103
117
130
119
87
61
29
26
74
97
75
38
3
-14
1
57
82
75
59
66
74
68
17
-65
-46
100
147
68
52
93
99
61
29
16
16
37
56
59
49
57
67
42
18
9
-20
-50
0
50
19
-29
5
107
135
74
27
16
9
18
17
-26
-42
76
133
136
144
140
124
90
37
-6
-10
13
18
19
65
74
50
41
41
43
54
38
-9
-46
7
89
67
-21
-24
56
106
92
53
32
8
5
22
-3
-106
-153
-141
-154
-117
9
98
104
70
6
-6
49
137
149
108
80
67
129
237
264
28
-40
6
112
150
130
138
147
99
54
64
76
26
-3
40
91
85
51
-39
-103
-17
120
166
93
60
91
98
77
41
-29
-77
-43
8
18
-40
-46
50
120
76
6
11
37
28
25
36
44
52
23
-22
-23
38
123
138
91
57
73
114
117
77
57
-5
-97
-69
40
113
101
86
116
144
145
137
81
-2
-8
61
90
40
-7
13
56
32
-11
1
74
82
20
-5
11
44
55
52
86
93
52
54
92
97
65
32
20
10
21
65
73
56
57
71
67
49
42
70
66
28
57
118
138
116
75
53
38
4
-42
-33
58
168
182
136
138
169
167
138
75
-21
-65
-10
73
115
60
-19
-18
51
125
117
60
17
28
105
155
141
106
61
49
42
29
19
-1
10
85
85
-7
-74
-35
70
129
90
-3
91
72
25
41
73
73
74
51
33
34
-5
-58
-54
8
51
43
20
36
67
44
-1
-41
-25
21
70
96
104
119
93
40
2
-9
22
89
89
16
-9
22
60
66
13
-12
27
104
130
69
10
22
41
29
-5
2
106
148
98
89
144
162
150
155
115
34
-5
7
66
104
64
11
-2
-20
22
122
146
99
67
66
64
48
-3
-42
8
71
66
56
96
152
179
176
120
34
-18
-39
-13
48
87
82
77
90
114
121
102
85
86
52
16
23
76
88
26
-4
41
145
176
123
80
38
-3
-4
24
25
6
-22
-24
54
130
87
-4
-4
48
81
60
26
-1
-17
53
165
163
41
-30
-3
80
154
136
12
-91
-103
-25
40
81
102
88
71
74
93
140
155
89
-6
-77
-36
100
162
101
38
1
-18
-14
-18
1
41
51
56
90
101
89
66
17
-23
-5
74
136
112
43
40
77
41
-37
-41
35
118
145
119
82
107
171
162
99
81
89
91
68
50
52
80
93
73
29
-18
-26
44
124
118
81
70
87
109
113
73
23
5
-6
-14
41
112
99
67
50
48
53
4
-26
50
147
118
37
41
104
134
129
102
71
59
87
74
-3
-19
75
164
119
26
7
35
71
57
-10
-55
-6
91
157
100
40
87
140
129
45
-21
4
104
141
118
84
34
-5
-6
24
29
-34
-69
-8
73
123
133
92
48
52
54
24
2
-4
0
42
59
19
-2
8
22
20
10
6
19
33
23
43
54
32
17
38
77
100
64
6
-12
-14
2
20
-13
-39
25
109
80
-23
-46
-1
-46
-130
-105
-28
37
8
-45
-20
9
-13
-43
-26
69
162
166
115
93
133
178
138
38
0
-12
-50
-2
89
99
42
11
2
-1
16
54
51
57
101
120
60
-11
5
82
84
45
61
116
155
167
137
68
2
-35
-21
37
83
66
2
-23
13
72
92
92
65
28
42
76
81
55
73
96
66
69
117
164
139
89
107
123
93
84
102
105
113
117
74
32
-2
-37
1
91
102
43
25
54
83
