-40
-28
-18
-5
1
-24
-58
-36
68
135
125
132
176
219
55
-17
-57
-27
40
97
106
74
39
21
33
81
121
155
130
74
81
153
205
202
184
162
151
97
-35
-109
-58
9
27
3
-20
-23
19
120
178
136
51
27
75
106
86
70
52
9
-26
-66
-99
-85
-45
6
96
161
161
128
119
132
119
67
52
85
68
2
4
86
154
193
200
140
108
53
-13
-22
33
98
118
52
-26
-19
56
87
43
11
-4
-50
-54
11
93
90
41
60
92
99
89
87
132
168
98
35
83
193
251
236
193
150
116
75
-2
-72
-94
-81
-38
22
131
212
218
199
213
249
249
156
41
-22
-49
-42
-22
-33
-65
-103
-150
-154
-92
-33
17
55
59
76
92
84
69
70
83
73
38
-57
-102
-1
115
160
108
58
59
118
113
-7
-68
-19
28
9
-11
-6
-10
0
16
5
-34
-59
42
128
135
37
-33
41
144
155
117
83
81
80
56
12
-58
-152
-199
-150
-23
67
83
121
188
187
153
152
124
70
25
-46
-62
40
144
134
99
133
185
165
102
52
35
34
3
2
18
-3
-3
20
12
37
114
144
129
121
132
145
130
115
124
116
45
-13
-4
9
-21
-69
-91
-69
-9
42
84
132
156
123
75
54
56
57
43
16
-2
11
64
91
43
-43
-38
-24
-23
24
56
85
145
177
173
157
134
122
139
141
82
-21
-43
17
92
132
91
-21
-116
-3
226
306
182
38
5
67
114
90
66
44
18
-2
11
57
39
-7
34
106
139
200
201
167
124
113
75
-26
-100
-100
-104
-60
37
103
76
27
10
40
112
147
128
122
130
97
41
16
43
86
51
-8
2
21
-50
-136
-82
77
186
178
149
156
153
129
120
118
97
42
2
-22
-77
-137
-104
38
133
135
122
136
155
187
232
219
124
3
-98
-131
-73
2
35
25
32
-11
-87
-71
0
60
148
169
124
147
177
147
117
107
73
42
6
-21
-18
-19
-34
-20
49
138
153
107
71
71
123
141
45
-98
-189
-119
89
192
138
102
120
131
81
28
45
84
71
18
-20
-14
18
60
54
34
40
20
-4
-6
-60
-101
-23
84
121
69
42
73
103
130
124
102
136
168
105
-18
-62
2
96
105
38
-33
-58
-29
22
92
107
26
-36
11
92
113
97
92
121
135
107
66
39
36
37
55
68
25
-71
-134
-103
-33
-5
59
229
328
283
198
156
137
105
59
11
4
-22
-76
-51
-2
-8
-13
22
51
41
99
203
246
154
23
-4
-1
-28
-74
-137
-106
24
181
227
168
88
64
98
139
113
66
20
-24
-4
61
90
92
82
68
100
140
121
71
69
99
85
48
36
29
12
-21
-36
-24
-18
6
6
-25
21
146
230
220
178
161
177
185
137
16
-117
-133
-28
28
20
25
49
89
120
117
97
69
20
-13
1
34
50
1
-125
-166
-49
77
146
138
99
101
149
178
148
84
-9
-75
-57
-2
36
67
40
-35
-59
-43
-10
32
76
97
92
88
86
89
75
19
-36
-57
-27
20
58
54
39
74
140
184
177
136
114
114
90
44
13
-26
-69
-60
9
76
148
204
195
122
100
146
153
73
-5
-54
-78
-28
54
59
28
23
45
92
179
212
103
-29
-52
32
101
104
89
67
104
172
186
146
99
39
-20
-34
-43
-65
-46
36
131
132
53
25
50
71
53
19
24
1
-53
-19
88
138
92
41
35
40
44
84
104
93
105
118
80
10
-2
21
40
69
98
97
51
2
20
76
97
28
-29
6
58
100
136
144
128
81
36
41
112
165
133
100
87
1
-99
-98
-6
54
72
97
112
129
167
197
187
151
99
28
-29
-17
38
43
-20
-91
-113
-71
-21
8
20
34
85
183
274
241
104
0
-35
-37
-54
-73
-71
-81
-99
-38
57
136
179
144
83
87
101
90
83
72
33
-17
-38
-13
-14
-9
51
86
80
66
56
18
-12
-11
16
43
16
-7
22
96
135
131
86
40
19
19
8
-18
-17
6
28
51
86
124
144
138
108
73
59
49
11
9
49
51
6
1
23
22
19
57
80
67
57
87
139
153
106
38
-20
-35
-29
-39
-71
-73
-23
69
157
167
113
89
119
137
131
115
108
88
35
-7
2
44
37
-29
-71
-56
-18
29
59
45
10
34
109
155
112
35
-1
32
120
156
108
36
0
10
48
66
57
41
23
26
65
66
16
-3
36
56
12
-4
64
87
18
-4
27
22
-2
0
34
93
156
166
173
199
192
144
87
9
-75
-101
-61
-40
-33
-4
39
68
88
112
97
58
6
-75
-105
-53
33
125
168
168
140
133
152
152
134
113
89
60
9
-45
-59
-39
-12
13
49
77
101
106
107
129
152
118
40
-29
-56
26
128
115
29
-17
-9
37
121
192
224
225
198
124
40
8
0
-25
-45
-28
-9
17
69
69
58
74
58
-9
-4
99
178
152
71
40
72
113
121
55
-57
-45
100
216
214
144
89
53
3
22
119
135
44
-20
-43
-29
27
52
69
90
88
71
70
116
124
87
97
88
-4
-100
-78
32
105
73
1
11
116
153
100
36
4
9
50
74
28
-60
-92
-36
26
88
102
33
-38
-39
-10
38
90
86
21
-36
-9
73
105
64
4
-23
-27
19
34
-50
-40
81
119
96
92
104
105
84
33
5
-5
-39
-41
12
40
40
58
70
49
12
-6
20
18
-17
32
162
219
162
97
91
116
117
64
5
-22
-49
-55
17
134
154
76
32
85
184
209
131
37
-11
1
39
57
48
60
70
28
-35
-70
-116
-90
0
56
86
109
148
214
240
200
120
65
53
60
44
26
37
28
-2
-14
-8
-14
-9
23
52
100
160
181
133
67
88
153
196
200
161
103
99
112
75
88
153
144
76
52
82
150
197
173
119
91
40
-24
-37
24
93
65
12
40
88
96
73
5
-59
-55
-17
17
26
49
69
32
-13
4
49
88
73
4
3
61
73
97
178
196
125
57
21
7
3
-18
-22
8
57
71
68
101
122
57
-4
3
22
-12
-60
-75
2
120
123
22
-43
-22
19
22
-17
-17
66
152
151
91
57
51
6
-26
-18
11
59
85
91
107
113
67
6
-49
-103
-98
-78
-107
-51
108
192
128
42
38
73
98
59
9
22
74
128
134
67
7
-6
20
-14
-77
-53
11
67
107
131
105
56
27
16
12
26
7
-71
-84
10
129
182
177
150
122
75
32
37
38
-33
-148
-115
99
299
316
212
102
66
128
147
19
-109
-78
42
139
178
173
167
152
137
106
49
-37
-99
-91
-46
-10
-10
-23
-43
-55
-6
74
148
188
168
108
75
86
121
135
69
-42
-98
-5
119
139
82
64
70
72
67
12
-29
-23
10
64
102
73
16
44
74
43
17
54
85
70
87
155
179
112
87
129
135
65
2
-23
-58
-51
17
100
129
97
55
93
182
181
118
80
51
27
20
5
-23
72
57
48
80
75
33
36
73
80
35
9
40
72
88
100
123
115
58
45
77
70
51
86
108
89
52
3
-34
-54
-42
-18
-23
-60
-49
9
23
-4
-11
39
145
70
9
72
121
117
129
124
100
86
82
108
106
18
-41
-25
-10
-41
-85
-65
37
130
137
130
137
146
162
173
182
145
65
5
-43
-110
-131
-114
-107
-108
-120
-85
75
230
247
202
181
164
140
129
91
-6
-72
-27
33
-4
-61
-30
33
52
57
115
155
155
167
165
131
107
90
25
-45
-76
-39
74
139
98
60
101
133
68
5
36
59
60
101
128
87
49
51
76
70
37
33
