117
105
57
-17
-56
-60
-43
16
84
54
1
2
26
51
60
67
97
135
124
84
57
48
38
38
52
103
161
119
53
76
119
85
39
28
12
4
4
-27
-85
-59
8
59
88
36
-36
59
226
272
205
106
51
55
81
90
68
2
-77
-67
26
107
107
36
2
16
55
130
173
124
37
58
122
60
-67
-102
-39
12
28
44
77
74
36
13
-2
-9
-3
33
86
144
165
119
67
71
74
38
-14
-25
22
22
24
89
146
132
67
59
132
172
156
137
82
40
57
87
132
134
89
76
120
138
80
19
45
125
172
148
75
44
102
102
-69
-220
-181
-19
104
148
178
219
268
258
202
137
64
2
-67
-178
-289
-247
-25
168
225
203
183
177
184
176
119
0
-116
-162
-130
-20
86
90
37
55
148
178
100
43
20
10
19
5
-23
-23
-3
-5
-26
12
64
59
80
136
139
64
11
59
113
84
26
28
69
58
4
25
106
141
96
59
40
6
2
35
55
58
56
61
90
96
45
21
40
49
-8
-74
-74
-35
-27
-26
-3
9
-1
-12
41
124
131
91
85
117
169
180
130
65
18
-11
-30
-34
-30
-29
-51
-66
-6
29
8
28
102
121
53
17
57
137
201
178
107
40
-25
-38
8
33
18
-4
-37
-51
-35
21
90
135
134
148
189
196
169
146
132
122
96
49
-33
-122
-136
-37
87
123
97
100
153
219
221
147
48
10
23
17
18
49
25
-52
-90
-123
-122
-12
117
171
161
150
145
114
59
6
-26
-98
-149
-83
50
146
150
102
69
65
75
122
162
148
91
35
-40
-156
-206
-167
-73
39
100
115
122
176
246
204
55
-42
1
87
59
-4
39
123
145
130
124
106
76
84
102
57
16
59
106
77
52
87
131
121
65
9
-33
-67
-89
-94
-59
3
65
119
132
115
130
106
89
132
156
122
65
75
149
192
145
52
-51
-129
-110
-56
-36
-7
97
189
193
188
204
184
116
12
-93
-107
29
160
146
77
44
123
227
228
119
8
-29
-24
-12
-8
-45
-67
-4
52
70
90
104
160
203
198
178
145
106
65
6
-42
-53
-66
-57
-3
23
35
74
124
153
91
-8
-26
11
54
97
107
92
88
100
105
87
57
35
48
77
82
75
37
-54
-109
-98
-39
-8
-14
17
122
234
264
242
157
60
18
10
5
-35
-84
-77
-13
70
96
86
70
51
86
147
138
41
-54
-100
-58
-34
-23
-39
-35
28
100
147
178
133
56
53
75
38
-28
-67
-50
-5
43
44
28
45
72
42
-27
-41
51
108
64
12
23
38
41
34
12
5
32
69
68
70
90
117
137
138
116
67
28
13
28
71
75
35
-12
-36
-49
-21
18
-5
-43
3
91
139
147
122
51
10
18
49
131
197
234
272
272
248
204
129
41
-20
-39
-60
-122
-145
-50
43
42
6
-4
21
49
59
55
53
88
89
58
40
24
13
6
-6
-2
-20
-49
-6
55
85
73
9
-33
-21
24
75
81
32
-17
-37
-13
22
56
58
-6
-78
-68
-22
6
39
64
77
69
48
41
57
76
82
82
86
93
102
105
68
18
8
11
3
8
70
136
163
164
166
156
116
56
59
90
100
104
128
132
109
87
51
-21
-87
-107
-65
-3
4
-7
74
216
273
216
146
97
97
146
132
8
-104
-117
-81
-28
13
35
55
93
116
115
120
128
131
148
134
69
-35
-109
-65
33
88
114
85
55
113
178
176
139
99
33
-36
-38
-6
11
19
25
33
50
103
160
153
88
37
33
7
-77
-125
-97
-60
-60
7
137
220
247
248
228
188
133
52
-6
-11
-21
-42
-34
-7
2
-4
-14
22
91
116
91
43
-9
-21
9
21
-11
-26
-9
0
83
168
181
177
152
56
-24
18
77
49
16
20
6
-49
-105
-114
-4
108
128
99
71
73
108
140
148
118
66
38
39
65
45
-17
-65
-71
-76
-84
-124
-129
-37
48
59
108
187
185
117
106
173
186
153
106
91
121
196
262
244
144
48
9
40
87
74
28
56
145
188
145
100
87
45
-8
-50
-26
64
113
60
29
49
13
-34
-60
-61
11
105
145
144
139
129
96
58
32
11
-4
-35
-69
-70
10
116
135
100
69
49
70
106
120
120
107
91
105
123
103
81
69
33
-17
-77
-130
-156
-173
-179
-140
194
202
186
185
152
100
21
-34
-42
-54
-12
27
77
75
3
-75
-87
-56
10
66
76
112
157
171
144
90
70
72
69
5
-101
-147
-71
56
138
156
177
199
202
187
166
113
23
-61
-107
-102
-103
-93
-13
49
74
123
195
227
212
154
102
88
65
9
-25
-28
-4
26
27
68
135
161
137
101
51
-13
-21
48
97
99
105
135
118
12
-43
9
60
60
20
-2
16
57
74
59
58
70
48
-29
-98
-88
-24
-52
-133
-106
-12
35
58
119
131
65
56
121
129
38
-28
-21
49
117
90
-29
-137
-130
-57
10
86
124
169
240
300
309
195
7
-101
-51
83
176
171
144
164
185
205
184
113
32
-69
9
64
34
17
50
61
65
87
120
149
160
148
85
6
3
26
-2
-85
-121
-69
20
52
33
35
71
120
161
150
122
133
157
160
102
35
12
50
85
73
51
5
-19
1
42
71
76
34
-39
-50
7
65
93
64
-35
-104
-69
53
165
195
177
172
166
146
100
55
27
16
13
-38
-68
-13
48
21
-6
55
105
115
118
148
164
141
82
-8
-65
-56
-29
-20
-43
-29
87
181
172
145
116
106
132
119
86
73
68
35
-36
-114
-151
-88
23
105
141
171
167
136
153
176
131
56
3
-49
-71
2
115
132
82
99
148
153
125
84
58
98
117
34
-45
-4
91
166
194
139
37
-45
-77
-78
-59
-14
21
37
48
67
97
153
188
154
66
16
24
0
-69
-119
-133
-41
76
104
88
135
217
262
235
181
137
77
-1
-70
-87
-45
-22
-51
-113
-123
-37
71
139
160
117
72
75
85
68
41
37
65
106
139
108
34
20
-1
-56
-106
-100
6
104
162
198
194
146
92
77
43
-6
-35
-27
-40
-26
21
74
119
145
121
90
84
114
115
48
11
22
1
-67
-178
-228
-93
99
181
153
109
133
196
192
102
3
-37
-49
-75
-82
-38
0
-1
4
11
49
82
83
105
166
219
227
155
19
-88
-103
-20
43
-7
-68
-7
123
227
218
185
141
106
84
69
83
80
65
73
80
16
-56
-33
64
83
16
-11
13
81
132
160
102
-1
-66
-78
-74
-40
-27
-36
10
114
213
242
187
131
85
51
53
19
-88
-126
-60
49
106
89
65
92
120
101
55
-11
-88
-113
-25
60
8
-43
69
252
322
274
167
93
119
154
112
-23
-119
-114
-73
-3
51
35
3
-7
36
107
148
128
74
-7
-60
-45
22
113
166
181
172
166
137
82
50
12
-17
-34
-67
-83
-85
-76
-28
7
27
24
-21
-12
82
184
213
196
220
221
163
84
38
12
-29
-81
-74
-101
-170
-181
20
67
81
105
112
90
96
114
83
6
-17
29
91
99
88
121
129
76
40
67
74
1
58
80
67
57
56
73
117
148
125
69
50
73
107
152
182
156
89
33
9
-3
-20
-29
-21
-35
-3
98
186
200
178
147
107
105
89
28
2
38
89
106
75
36
35
42
22
17
8
-42
-65
-41
-6
49
85
109
171
200
140
81
44
42
52
50
18
-17
-41
-94
-120
-28
69
106
145
164
169
234
294
282
212
140
89
36
16
28
64
121
149
117
42
-51
-129
-109
-27
44
81
39
-1
83
224
257
194
138
85
36
25
57
55
-8
-82
-18
49
89
87
