81
154
243
249
176
87
24
-33
-53
-65
-113
-161
-137
26
209
263
248
224
218
216
168
96
21
-29
-89
-154
-125
-52
-3
28
43
67
85
98
128
164
163
152
137
115
80
9
-24
7
69
75
41
50
61
52
41
66
114
140
121
92
65
-17
-76
-18
96
132
48
-24
28
176
293
292
201
105
44
23
-14
-133
-270
-268
-102
59
88
53
66
132
203
204
122
19
-28
-70
-137
-184
-129
-34
32
87
96
48
65
167
204
137
76
64
22
-25
-36
12
75
103
146
193
221
202
115
16
-10
11
-9
-57
-69
-28
20
22
-27
-102
-93
19
147
179
162
179
208
180
101
32
3
13
27
16
-20
-35
23
104
118
35
-42
-35
5
4
33
130
213
186
109
65
38
32
37
27
-10
-60
-51
29
115
156
183
168
131
123
116
74
55
60
32
-54
-138
-149
-114
-122
-91
17
82
119
189
274
306
260
182
136
120
80
22
13
17
12
-8
-54
-52
-57
-71
2
92
101
65
80
115
93
42
11
-1
-26
-24
72
216
248
155
60
13
-18
-82
-124
-76
-8
32
45
34
37
109
153
148
121
70
24
-4
-1
26
75
119
133
106
56
41
72
56
25
-13
-88
-89
0
55
59
49
59
119
157
152
116
70
71
90
18
-90
-170
-142
-17
65
77
97
162
233
256
240
185
107
55
26
35
50
10
-26
-28
-45
-105
-147
-82
33
87
102
100
121
151
180
182
131
81
67
74
80
93
68
1
25
116
136
82
6
-12
36
68
52
-7
-21
26
104
166
164
139
131
104
54
-5
-21
5
10
-5
-30
-65
-84
-82
-58
-49
-53
-22
25
57
54
61
99
138
160
123
60
23
9
7
-33
-87
-62
2
16
5
76
130
100
69
93
101
-11
-81
0
80
96
115
163
195
199
163
73
6
-1
-4
-43
-90
-71
23
107
116
104
118
128
128
100
87
76
25
-17
-7
5
10
35
43
67
149
195
168
137
108
42
-6
4
22
-7
-39
-9
17
34
18
-5
-1
0
27
116
172
136
87
108
146
122
49
-24
-24
29
64
35
-3
-27
-33
-28
-29
-29
-45
-59
-45
12
87
115
99
77
66
97
108
34
-14
9
54
72
59
-6
-40
16
99
134
116
104
145
188
186
149
113
60
-9
-83
-113
-100
-97
-105
-71
26
104
96
67
86
128
156
144
115
73
17
-24
-4
26
8
-2
60
121
120
141
182
102
-12
-6
81
108
68
20
12
72
163
201
169
97
41
68
109
106
72
-1
-97
-134
-103
-34
40
131
200
204
194
96
-14
-74
-74
-53
-43
-58
-17
84
203
147
87
118
209
230
130
33
12
-8
-21
1
17
-25
-67
-60
-35
-8
-17
-3
93
198
250
243
186
135
114
106
71
-19
-56
-10
12
22
23
59
103
100
57
-12
-24
105
228
227
162
108
75
19
-28
-40
-34
7
58
76
89
137
188
177
89
-19
-114
-117
-91
-82
-21
64
131
148
91
50
86
114
44
-71
-137
-88
2
45
23
-10
32
148
182
134
83
48
58
70
33
-29
-69
-67
-50
-56
-74
-23
92
165
166
141
115
96
104
131
138
87
-6
-21
39
84
88
84
52
16
29
57
44
17
-24
-17
39
90
88
52
57
115
153
137
99
50
13
40
80
72
35
5
41
118
163
164
157
129
89
88
107
114
74
-3
-73
-65
23
93
87
48
4
5
67
130
139
75
27
4
-36
-12
80
117
54
27
96
194
252
248
155
39
-51
-68
-22
24
6
-58
-72
-50
-24
53
176
240
201
102
52
116
155
61
-72
-90
-50
-36
-52
-46
1
38
51
74
68
-27
-99
3
169
220
179
141
131
139
136
87
25
-61
-152
-131
-19
27
-5
-72
-71
66
197
187
87
7
-2
57
122
138
107
54
-20
-58
-10
20
-2
-22
23
103
117
91
102
125
104
60
22
-3
-19
-45
-43
-25
2
27
52
87
98
97
88
99
147
165
120
23
-42
-21
66
121
99
39
16
-10
-61
-36
29
35
25
34
54
119
213
200
101
32
16
-13
-52
-83
-134
-125
1
153
212
168
132
155
195
176
74
-66
-139
-90
-12
39
123
213
198
129
118
108
55
10
-13
-34
-17
36
42
0
-6
39
82
132
172
186
173
122
71
23
11
38
21
-69
-113
-38
51
80
81
73
59
32
34
84
98
55
51
85
86
71
91
97
59
-8
-102
-142
-65
59
153
183
171
173
138
85
38
-37
-77
-52
-35
-13
80
178
233
262
212
130
97
88
71
41
-4
-17
11
57
86
107
124
84
33
48
60
37
19
-6
-33
-8
58
97
74
60
29
-19
-40
-37
-41
-61
-36
23
50
29
76
160
165
139
124
98
-1
-59
57
161
112
25
13
28
73
166
164
80
38
69
74
19
-9
-20
-60
-62
37
136
116
53
60
118
128
74
28
36
82
81
7
-53
-56
-27
8
74
73
37
92
169
176
124
67
22
-8
-23
-23
19
70
70
87
133
157
135
65
8
8
35
32
-60
-122
-61
22
82
117
116
93
74
64
65
96
134
106
21
-10
44
182
290
284
201
137
104
81
50
19
-26
-90
-102
-71
-45
-19
20
69
108
136
125
97
83
105
131
75
-62
-167
-121
12
82
103
140
169
186
183
157
112
50
-22
-87
-124
-117
-67
-19
5
44
76
85
97
140
194
208
193
162
109
49
-2
-36
-37
-17
-22
-18
-4
-2
11
35
85
150
152
118
114
108
57
-42
-108
-40
19
3
-4
21
44
57
75
88
104
118
89
65
65
60
57
67
37
-17
-13
65
88
27
21
41
69
135
192
181
147
131
128
118
112
121
119
65
32
57
72
33
-12
-11
2
-2
-13
-11
34
80
115
131
120
104
52
-22
-36
-13
-46
-101
-33
121
209
218
209
182
145
97
37
-10
-77
-132
-131
-98
-52
-7
34
65
102
98
20
-37
18
93
85
26
-4
16
44
18
-6
33
91
88
55
40
52
72
73
50
-13
-66
-58
-11
66
150
169
139
97
53
45
68
69
64
54
13
-24
-9
4
-13
-24
1
59
115
107
128
195
232
189
101
6
-151
-145
-43
70
89
67
101
145
150
157
141
97
80
97
101
115
104
66
33
22
32
41
58
66
69
85
113
109
70
21
-5
-14
-90
-190
-174
-18
164
251
264
268
268
250
214
145
36
-75
-171
-259
-273
-174
-34
84
194
295
307
259
234
219
165
53
-67
-166
-244
-275
-205
-45
85
155
156
97
42
44
51
22
8
6
16
50
98
144
138
92
98
106
19
-92
-82
38
109
61
-8
18
101
115
66
65
128
134
73
27
21
23
36
86
109
97
87
119
166
177
106
1
-65
-53
-29
-40
20
139
166
109
117
179
218
212
153
84
26
-7
-2
9
5
-13
-33
-18
-10
-17
-8
1
1
27
76
71
80
137
169
131
71
34
9
10
42
64
13
-41
-2
77
103
65
45
74
58
-14
-83
-105
-46
1
70
128
150
145
132
103
41
-7
11
58
43
1
10
35
55
104
112
43
-20
-36
-24
7
17
-65
-124
-45
92
212
275
283
262
225
148
28
-23
-6
-39
-92
-88
-60
-52
-8
65
128
160
195
218
178
124
114
116
114
57
-3
-4
38
99
166
188
146
84
44
9
-37
-51
-25
-7
17
61
85
74
53
52
68
80
56
0
-29
-29
1
60
103
81
44
59
74
65
70
81
39
5
41
89
83
54
76
85
49
13
6
33
36
24
18
-38
-84
-58
10
73
99
101
90
99
139
125
50
32
61
67
-2
-74
4
149
214
161
67
40
59
59
48
65
67
42
28
7
11
22
-4
-42
-43
32
