11
-5
-7
32
42
5
-60
-66
77
226
251
166
112
155
200
188
138
74
-17
-106
-126
-70
3
43
72
99
117
152
193
180
146
118
82
54
50
80
114
56
-34
-25
-2
4
23
24
11
28
70
131
184
161
64
-10
-4
24
20
-17
-40
-115
-231
-219
-54
86
128
133
150
172
168
164
141
86
10
-58
-122
-118
9
148
144
71
19
9
17
9
26
33
-6
-38
-43
-33
16
68
131
199
210
180
150
112
66
27
39
56
-22
-121
-66
128
268
272
193
113
92
130
105
3
-42
-1
37
-6
-57
6
132
208
184
137
115
101
75
44
29
36
64
67
7
-26
23
108
160
164
130
80
60
54
53
6
-117
-173
-89
16
61
72
60
33
11
36
44
27
48
68
38
-10
-13
48
121
161
150
124
92
45
37
70
108
118
64
-50
-135
-136
-33
100
152
92
29
40
81
115
88
19
3
50
75
45
26
41
74
76
20
-28
-24
3
12
-10
-68
-91
-57
32
138
173
140
101
103
150
210
213
122
-23
-5
33
-30
-67
-19
65
139
154
89
52
124
228
231
115
-5
-23
22
35
-13
-62
-45
8
49
76
100
92
69
60
45
11
-12
-6
7
-20
-66
-62
41
193
241
154
53
18
38
73
112
134
103
43
4
-27
-14
-28
-17
86
153
130
118
154
218
225
118
-13
-56
-27
-12
-3
28
44
64
87
88
92
96
108
124
136
93
9
-49
-38
25
74
102
72
71
139
180
166
135
113
75
13
-56
-109
-54
41
69
73
113
123
97
102
146
171
182
167
120
55
13
-14
-61
-106
-107
-4
145
218
192
132
129
181
161
40
-77
-135
-153
-141
-50
87
152
114
74
70
73
97
116
80
-23
-154
-201
-151
-97
-34
33
105
180
200
164
92
32
64
114
58
-60
-129
-90
-23
-7
-6
29
67
38
-10
19
106
178
188
121
48
7
-26
-20
25
49
3
-89
-93
8
112
135
102
83
58
18
28
113
168
117
-24
-138
-100
39
154
167
145
163
184
173
180
147
26
-91
-148
-142
-55
-34
29
54
59
104
133
138
155
192
171
86
36
82
120
86
32
-12
-38
-22
9
3
-11
-2
-8
-22
5
124
201
194
153
88
38
65
100
56
6
18
90
182
244
225
164
89
0
-102
-167
-154
-82
-13
-10
-7
56
146
168
161
163
131
90
68
60
52
2
-62
-130
-187
-129
35
213
278
261
253
251
226
198
157
99
35
-35
-68
-20
18
26
32
-7
-71
-70
-28
-9
11
65
132
160
128
92
82
57
20
22
65
92
84
51
17
-22
-39
11
97
134
102
89
148
200
185
115
21
-56
-89
-73
-19
41
76
90
108
139
171
168
114
57
24
3
-13
-39
-29
23
80
80
25
8
76
153
141
74
48
37
44
66
34
-9
-49
-77
-71
-28
4
28
88
171
246
284
269
-2
-43
-6
51
27
-77
25
161
229
236
237
202
131
53
-12
-91
-173
-194
-123
-20
5
16
72
112
135
160
149
116
72
69
90
81
38
-1
-22
-50
-81
-101
-125
-83
18
96
104
58
-2
-34
-8
60
118
150
164
156
160
147
119
105
93
67
17
-22
-36
-34
-39
-39
22
84
105
132
178
199
164
88
51
80
100
92
50
-3
-12
32
57
-18
-102
-93
-62
-45
24
123
173
169
89
-18
-34
37
109
132
114
100
99
66
16
-24
-81
-90
-59
-27
23
103
169
181
162
123
81
41
-5
-46
-10
83
97
71
84
75
23
-33
-42
23
108
136
88
20
49
147
196
155
66
2
22
77
114
105
55
24
16
25
33
1
-25
-29
-1
60
116
124
100
66
44
60
52
4
13
41
44
37
49
33
-23
-18
34
71
28
137
230
210
139
120
125
108
97
55
-13
-51
19
89
131
108
56
69
119
117
86
66
93
120
72
23
39
68
26
-42
-37
2
23
13
-22
-40
-10
18
58
131
160
148
165
176
117
28
10
42
52
37
-9
-9
-3
71
173
172
112
105
178
250
240
140
28
-87
-211
-242
-121
-17
-13
9
70
106
130
147
172
187
172
131
86
37
-5
-18
-10
-6
12
61
115
200
266
279
305
375
421
417
375
332
305
259
208
179
179
167
97
69
128
179
234
307
316
235
154
137
153
200
236
213
154
120
113
106
122
136
102
28
-45
-65
-65
-58
-39
-26
-6
13
-2
-2
42
19
-77
-139
-139
-132
-102
-78
-118
-202
-248
-210
-194
-213
-146
-21
68
85
33
-19
-25
-28
-58
-121
-185
-213
-219
-225
-216
-201
-178
-167
-195
-211
-170
-103
-27
11
-9
-65
-57
-41
-58
-70
-26
35
38
-9
-38
-11
49
97
96
48
-56
-124
-99
-38
-10
-43
-45
21
59
19
-9
23
58
34
-17
-1
58
83
53
20
-12
-5
52
116
177
217
202
154
154
171
112
9
-36
-28
-11
-18
-8
32
41
-4
-18
29
69
60
69
117
209
252
221
200
209
208
171
112
102
90
7
-99
-104
-4
74
86
86
134
157
113
59
8
-77
-77
33
102
90
99
123
121
117
101
20
-90
-117
-22
96
146
130
118
108
74
59
75
85
42
-14
-7
26
37
48
39
7
23
66
28
-13
5
87
115
52
-10
-50
-18
99
167
116
60
90
153
183
166
131
64
-11
-23
59
137
116
17
-11
-17
-62
-60
35
119
74
20
72
155
202
208
148
71
56
77
82
72
43
12
49
128
141
97
72
88
88
82
80
34
-28
-21
44
85
93
140
172
114
26
-37
-21
5
12
11
9
34
64
66
55
57
90
149
179
182
192
154
76
5
1
80
124
87
51
89
128
97
22
-57
-90
-71
-33
-25
32
146
197
184
176
179
166
119
66
10
-81
-135
-98
-9
48
60
71
98
121
139
130
85
80
86
54
-1
-40
-54
-51
-55
-76
-70
-2
86
140
163
156
162
172
146
57
-46
-85
-46
-8
20
45
35
27
115
176
128
43
20
76
130
106
55
18
-41
-110
-109
5
113
119
117
176
265
262
183
131
115
64
-18
-59
-66
-17
25
42
25
50
140
188
160
107
114
132
92
42
35
70
99
112
121
157
180
139
53
-33
-76
-98
-67
18
105
134
114
97
83
83
61
21
-51
-105
-59
-2
1
18
71
92
82
101
145
149
120
85
37
-45
-126
-106
-22
7
-11
-23
18
120
210
214
115
103
98
81
67
44
-1
-6
-5
-20
23
106
123
112
90
56
29
22
53
73
27
-34
4
97
89
11
50
165
187
107
21
-1
32
80
105
87
57
69
82
71
92
139
118
35
5
23
-11
49
33
22
21
-5
1
60
124
129
76
39
61
98
89
55
32
8
17
42
16
2
33
28
7
28
81
99
64
37
65
86
68
4
-4
52
101
118
129
137
205
169
84
25
-3
-39
-73
-100
-118
-129
-138
-169
-129
39
230
316
299
260
234
183
97
-1
-43
-20
6
16
0
60
168
187
133
77
52
56
74
80
20
-37
-39
4
56
97
75
19
7
60
107
85
16
-38
-50
5
99
153
125
87
108
144
133
74
32
35
19
-50
-88
-53
-10
0
-26
-54
2
120
205
204
98
-37
-53
42
106
70
-11
-56
-8
53
17
-38
-24
3
4
-42
-68
1
36
34
66
85
74
69
74
115
192
187
105
53
73
132
153
104
39
16
20
23
-3
-17
7
-4
-40
-21
37
73
76
98
145
98
-19
-39
32
67
7
-50
1
89
135
104
38
37
82
80
53
9
16
92
112
120
140
157
145
76
24
37
70
56
-11
-100
