44
121
205
252
265
248
203
121
44
20
1
-53
-72
-39
-29
-28
6
11
-40
-71
-13
90
147
149
133
109
106
117
72
22
33
76
64
-40
-115
-71
-5
-12
-62
-52
12
72
125
186
201
165
103
54
34
37
10
-49
-89
-51
65
137
129
99
113
122
96
59
18
-13
-12
0
11
8
-13
20
51
49
50
19
18
91
155
146
91
76
90
35
-58
-103
-87
-37
18
53
32
-18
7
83
123
137
133
146
177
155
100
56
-18
-120
-153
-76
-10
-42
-3
144
229
180
172
156
137
104
66
27
-7
-11
24
70
68
33
-33
-113
-90
18
98
124
121
60
51
106
153
147
89
22
5
28
40
53
83
90
81
60
11
-43
-46
27
86
105
114
82
49
48
41
-6
-91
-170
-162
-76
-19
-4
1
92
225
257
196
153
105
16
-40
-1
74
76
10
-24
19
81
74
48
44
24
7
54
107
112
102
76
57
51
35
5
16
56
66
4
-70
-93
-59
-11
38
74
115
185
260
279
245
178
77
17
0
-55
-147
-182
-98
52
124
105
76
72
87
104
112
140
146
56
-6
10
32
7
-59
-94
-50
-10
-26
-6
51
96
130
136
59
17
88
163
199
198
104
-4
-45
-37
-4
21
0
-65
-72
10
130
184
155
109
68
40
69
99
54
1
41
86
93
71
35
19
39
103
149
154
120
90
116
123
91
42
-5
-19
1
-17
-55
-17
40
39
49
84
91
70
74
73
-8
-66
-61
-26
44
133
185
149
86
89
163
202
117
-13
-72
-37
21
56
68
91
132
125
90
38
1
33
82
91
54
-4
5
75
119
133
148
116
55
55
64
0
-73
-73
-25
-19
-38
-26
1
73
224
321
293
202
139
88
35
-5
-61
-156
-156
-43
44
49
40
45
67
130
186
186
113
54
74
116
136
124
84
39
39
42
13
0
1
69
165
182
155
112
60
58
108
154
132
41
-54
-65
-38
10
77
134
168
150
120
118
92
20
-30
-19
10
-2
-1
42
89
118
146
146
64
-36
-73
-34
51
149
179
139
97
92
99
74
53
36
-38
-106
-52
42
81
59
-19
-57
8
74
96
105
112
118
100
41
-19
-24
-11
-2
29
87
105
93
80
56
35
-19
-75
-23
45
42
18
32
103
123
33
-43
-23
53
97
92
98
131
151
129
80
34
43
76
54
18
50
108
115
67
12
0
9
18
1
-17
-33
-35
17
106
149
115
60
28
37
59
20
-46
-67
-4
105
164
155
138
129
130
107
22
-52
-37
-21
-24
-33
-70
-40
85
166
123
77
103
116
91
50
2
24
43
29
33
54
56
38
-4
-54
-68
-52
-20
28
108
180
196
154
134
141
131
85
5
-51
-40
-10
32
85
82
39
11
11
55
89
80
61
92
117
76
24
-9
-20
-10
3
-11
-51
-68
-13
77
147
135
99
136
183
138
52
3
9
35
39
3
-61
-118
-98
-9
54
61
37
0
21
121
225
226
141
91
125
177
169
112
17
-92
-131
-55
88
214
241
167
123
162
176
98
2
-49
-75
-43
59
132
83
19
27
72
73
17
2
52
77
53
-18
-88
-56
26
74
85
107
176
246
284
236
122
24
11
41
45
42
38
35
73
98
57
-36
-100
-33
100
163
163
151
139
125
121
135
108
11
-57
-53
6
73
89
71
44
24
67
114
74
43
90
130
130
117
91
57
16
-3
25
100
118
36
-28
-6
12
8
1
10
28
43
64
66
83
122
118
23
-39
10
77
59
18
2
20
53
109
137
70
-23
-20
71
86
-12
-71
-8
70
67
17
-2
32
90
112
107
112
80
26
33
81
86
37
-35
-90
-55
35
82
51
-12
-58
-13
106
200
204
152
116
122
148
163
141
108
45
-14
-34
17
24
-68
-82
20
88
72
65
114
154
149
80
3
-24
-3
54
88
80
35
-17
-36
-12
39
60
55
59
65
67
58
13
-5
8
20
17
16
89
188
208
146
75
2
-62
-105
-71
2
59
87
84
58
60
114
140
113
74
74
81
52
-7
-73
-72
-7
-6
-83
-99
-36
24
91
123
115
106
117
120
70
10
-18
-14
-4
-38
-75
-56
-42
-25
9
37
67
105
144
154
203
200
144
54
-177
-146
-76
-6
52
105
153
182
188
172
122
49
-24
-77
-38
57
152
188
146
92
132
209
183
87
16
-20
1
40
32
-23
-105
-155
-108
7
112
188
195
152
189
212
136
29
-34
-8
9
36
59
57
18
-26
-87
-230
-257
-82
74
93
80
112
166
208
228
218
193
134
40
-53
-70
-7
41
80
123
161
156
135
121
85
42
4
-40
-23
43
49
11
-6
-8
-37
-97
-71
37
117
149
141
134
168
163
53
-21
-68
-76
-30
-9
53
166
218
226
224
203
167
116
81
48
-3
-57
-75
-50
-58
-104
-91
-46
-33
7
100
163
154
117
57
37
80
112
128
103
10
-37
-20
2
25
5
-43
-25
44
109
147
161
162
155
135
82
23
21
35
21
1
34
65
54
33
11
-6
3
41
86
101
84
86
92
57
32
33
33
34
41
42
42
41
55
72
58
57
57
59
105
169
171
116
58
25
37
71
84
39
-22
-20
1
4
20
28
6
-8
41
132
162
96
0
-29
-10
-5
17
59
57
37
65
124
138
38
-115
-188
-134
-21
56
75
52
50
117
197
225
176
82
32
54
74
61
33
1
11
28
42
105
169
188
151
114
144
224
253
197
129
106
99
58
11
-18
-51
-103
-131
-73
43
90
83
115
192
237
214
183
171
129
58
38
60
73
61
5
-37
-22
-10
10
56
109
134
132
137
140
138
137
108
71
59
58
16
-18
22
48
-24
-76
-12
52
21
-21
23
120
147
56
-21
16
98
114
55
-6
-9
27
60
48
-29
-92
-54
26
58
2
-51
25
139
181
153
81
4
18
91
133
119
99
84
35
-7
16
70
52
-53
-123
-74
32
84
77
25
-46
-103
-98
60
75
38
24
60
101
128
156
157
122
80
57
49
51
65
70
45
6
4
53
60
44
85
129
107
68
75
131
177
185
129
49
-5
-22
-20
22
67
52
19
0
-49
-97
-103
-54
42
131
193
231
230
215
201
156
72
-11
-42
-22
28
67
27
-1
49
82
24
-34
-23
18
23
-9
-13
73
177
236
219
116
27
35
65
52
9
-39
-53
-10
60
136
151
136
153
169
120
43
-12
-19
9
10
-78
-154
-97
13
89
109
88
118
188
203
163
96
37
-1
-28
-36
-13
7
5
-20
4
70
101
81
74
92
88
67
65
86
64
-7
-21
40
50
-27
-61
-39
-8
-40
-90
-33
81
117
92
104
172
227
226
185
139
53
-35
-81
-113
-165
-194
-71
113
178
138
115
145
188
201
144
64
3
-60
-104
-91
-59
-50
-81
-118
-66
41
103
117
122
147
204
228
146
2
-74
-55
9
89
114
82
44
19
0
35
118
151
92
39
71
135
163
146
104
74
34
0
1
49
85
86
97
139
153
128
88
56
37
38
54
66
82
104
77
-6
-71
-49
22
115
205
251
243
231
230
195
101
21
-4
-21
-88
-151
-142
-61
51
114
93
74
103
164
246
257
156
66
42
60
55
19
-2
-34
-77
-76
23
148
163
107
98
113
98
24
-57
-71
-57
-69
-65
-22
50
129
177
181
112
52
27
26
56
97
113
99
43
-28
-74
-65
-56
-76
-100
-71
11
38
23
42
105
167
169
119
70
81
112
90
22
-38
-51
-2
55
2
-88
-59
25
68
44
19
42
59
23
40
104
140
89
0
5
103
156
103
23
8
66
128
119
34
