163
138
81
85
153
198
176
133
139
138
112
86
35
-22
-54
-71
-55
-2
-10
-84
-58
77
193
217
182
168
210
257
268
241
178
129
103
65
-4
-76
-113
-154
-236
-244
-114
41
130
117
98
141
210
240
197
99
28
40
69
97
118
85
26
33
83
91
2
-81
-43
49
92
42
5
13
-12
-10
66
103
74
54
80
120
119
70
80
152
194
182
149
102
56
-13
-97
-102
-6
99
92
57
77
121
151
145
114
66
-6
138
198
172
98
34
32
51
48
70
98
92
66
16
-29
-11
16
10
13
11
23
86
140
138
115
105
90
54
41
40
6
-6
-17
-103
-174
-121
18
105
129
133
156
202
231
212
139
54
2
-8
-50
-107
-142
51
149
161
136
119
133
164
180
154
83
10
-12
0
38
34
-3
-21
-35
-54
-39
42
109
107
105
139
161
155
146
118
76
32
-22
-70
-92
-122
-139
-103
-9
52
68
104
171
220
209
150
131
104
73
36
6
-20
-38
-40
-30
24
106
163
204
249
250
169
57
-26
-69
-40
10
42
67
64
34
52
134
199
179
101
58
103
131
101
18
-68
-94
-67
-21
6
23
34
51
76
101
104
80
58
66
81
89
76
43
13
-8
-57
-91
-89
-53
-3
20
9
-6
12
52
60
50
24
42
115
149
135
130
157
188
172
121
27
-67
-71
-29
-24
-43
8
53
36
32
66
128
165
152
112
49
16
50
101
83
-1
-34
57
157
199
178
149
113
39
18
40
28
7
9
22
56
76
17
-52
-37
26
53
34
34
83
131
151
151
154
168
155
107
49
9
-12
-19
9
58
55
-2
-34
-23
26
83
87
49
11
4
21
56
82
77
55
74
122
145
138
89
-5
-76
-65
-13
26
50
71
44
4
18
81
115
87
35
12
54
103
129
149
32
-54
-42
-9
-12
-3
45
83
101
112
117
100
45
-4
-20
-6
23
8
-66
-130
-146
-70
52
104
72
6
-1
88
213
250
185
105
52
52
97
128
128
101
34
-25
-65
-62
-35
-28
-22
7
52
92
132
166
171
138
114
100
68
55
50
-19
-70
12
120
107
41
43
86
90
82
45
-17
-38
25
87
71
-9
-39
42
132
119
18
-46
-7
64
96
97
91
73
72
115
129
88
50
-54
-197
-181
-74
9
81
152
216
269
315
307
219
109
23
-38
-67
-105
-125
-89
-36
9
73
107
107
81
76
102
57
-6
-41
-28
26
56
1
-12
17
58
128
180
160
113
120
149
171
184
164
123
106
72
23
-20
-33
-77
-147
-121
-25
12
-2
21
68
136
229
229
144
76
59
53
-7
-77
-97
-50
17
86
163
196
197
203
228
228
182
101
27
-6
-13
8
-10
-85
-135
-137
-166
-153
-66
24
80
103
130
161
161
109
83
84
68
37
8
21
67
89
91
76
52
43
85
156
201
171
108
56
16
11
65
107
53
-67
-105
-20
55
80
26
8
134
274
257
118
50
71
120
125
45
-17
1
53
84
77
66
24
-22
-17
24
34
43
54
43
27
25
23
-3
-58
-85
-54
-43
-102
-65
99
233
252
194
138
134
134
106
91
53
-45
-82
-54
-12
44
100
124
125
118
76
19
4
7
17
69
81
-8
-56
24
148
162
70
3
24
44
13
-23
-74
-83
-14
77
136
120
72
32
50
117
156
118
20
-46
-35
23
37
25
67
129
138
131
80
21
51
90
60
28
24
-9
-21
75
180
154
131
96
56
34
23
22
39
57
60
51
12
-19
-21
-5
-6
-28
-27
54
118
105
92
103
115
119
53
-21
-10
55
122
141
129
134
162
155
121
105
74
16
-35
-29
40
104
99
36
2
-1
-17
-9
23
42
86
144
152
124
138
181
169
107
76
103
86
16
-4
19
20
-10
-73
-125
-82
33
118
123
131
165
205
83
42
43
33
2
4
59
112
74
5
34
120
168
149
71
3
9
17
-25
-56
-18
34
55
55
75
121
134
107
23
-53
-82
-45
22
50
22
19
86
149
169
140
91
54
37
57
97
103
77
39
-1
-29
-68
-70
6
86
80
20
11
92
151
114
43
39
65
77
76
69
60
67
81
70
20
-7
42
90
102
118
150
171
147
92
56
59
28
-3
-50
-74
-1
120
165
124
72
64
57
11
-10
4
40
66
54
52
65
41
18
51
91
82
36
20
73
129
103
6
-109
-135
-57
3
8
19
82
154
182
169
153
139
105
50
-11
-39
-9
12
-8
-67
-108
131
86
76
134
178
169
185
217
192
135
70
-1
-42
4
45
61
37
35
66
61
55
74
59
33
69
125
121
89
91
91
38
-21
-53
-21
57
138
180
165
141
120
117
105
64
35
53
74
98
119
129
129
99
9
-73
-69
-45
-43
-2
51
71
53
17
18
32
1
-75
-107
-56
16
80
166
236
201
103
65
112
156
90
-18
-81
-54
-5
-66
-122
-12
113
149
168
169
156
160
149
89
10
-26
-30
3
32
34
25
36
52
33
11
40
66
34
29
100
147
133
113
107
108
102
101
58
-29
-129
-169
-104
8
66
32
6
72
178
204
153
97
35
-20
-26
-22
-75
-104
-56
-26
-33
26
120
133
117
136
130
76
53
41
24
26
20
42
82
52
-37
-123
-141
-101
-81
-36
57
128
153
168
150
96
66
83
100
117
55
-27
-2
75
68
-4
-49
-35
-23
-34
-36
-36
19
112
149
145
93
35
38
59
38
-25
-41
17
60
48
16
19
53
69
82
123
149
123
88
64
65
16
-45
-37
-2
9
11
21
55
84
76
53
18
-22
-5
42
50
29
-13
-76
-117
-82
4
69
103
168
233
234
185
118
6
-123
-206
-166
-8
104
97
70
128
218
230
132
10
-9
26
38
-36
-116
-101
2
136
167
88
56
119
163
114
18
-30
-26
-14
4
45
74
61
21
-20
-61
-75
-98
-97
-38
16
57
100
76
11
16
76
119
118
102
99
104
100
74
21
-40
-104
-98
1
100
163
183
179
172
169
152
71
-26
-51
-5
49
55
16
-12
-25
-13
10
39
76
74
4
-5
85
131
68
2
5
41
34
7
-19
-9
40
75
99
103
69
24
7
19
57
96
87
55
59
122
180
163
103
33
-38
-82
-68
-2
74
129
135
96
26
-4
22
72
121
146
144
169
202
177
113
75
48
13
-25
-57
-49
0
60
107
118
87
70
74
92
147
182
119
85
102
113
76
34
8
-24
-41
-19
17
17
-36
-90
-66
45
148
136
132
169
184
156
122
91
61
22
-5
3
0
-11
28
85
60
8
-2
-1
8
74
134
164
196
177
117
44
0
1
-14
-72
-65
38
89
53
59
107
146
135
87
41
-13
-68
92
97
52
0
0
28
27
11
0
1
48
99
122
137
124
59
8
64
134
134
92
55
50
65
73
72
73
67
27
-2
35
113
147
125
99
103
123
121
92
57
53
64
50
3
-29
-10
17
8
-7
33
96
86
23
-18
3
71
89
83
88
93
66
53
92
70
3
-2
55
92
59
9
35
117
128
52
-9
3
84
177
162
83
97
162
138
64
2
-28
-25
27
113
172
195
193
139
80
51
59
54
16
-20
-23
-10
9
82
138
120
84
54
19
7
-12
-61
-33
23
13
-22
2
71
125
149
150
121
76
24
-18
-30
-21
-12
-17
-33
-37
7
57
57
82
130
116
65
41
56
73
39
9
23
50
60
49
16
-22
-35
-4
35
55
83
96
74
56
56
54
83
117
77
22
23
44
82
134
146
128
89
56
72
113
131
113
82
