21
7
32
11
-76
-141
-78
75
189
230
236
241
216
167
122
92
76
39
6
28
48
35
13
-19
-55
-60
-60
-41
26
119
183
184
132
69
34
16
-4
-40
-85
-132
-148
-74
67
156
192
226
241
219
198
184
138
57
-35
-92
-84
-7
68
80
39
21
83
154
181
186
184
167
129
50
-13
-25
-8
-12
-27
7
106
192
169
104
90
100
93
88
77
43
11
7
54
100
93
75
83
81
66
68
41
-21
-61
-68
-50
-41
-34
58
185
221
202
169
103
0
-55
24
162
215
183
155
165
187
180
131
58
-18
-75
-81
-11
38
-11
-72
-59
7
67
90
100
82
52
49
90
140
129
36
-65
-68
-11
5
-19
-33
-8
29
44
32
6
17
58
56
-10
-68
-50
58
182
231
197
150
122
123
121
60
-37
-119
-138
-114
-61
-33
10
101
122
66
28
73
144
136
80
65
51
11
-10
2
38
36
4
1
16
2
-14
8
19
-13
-50
-57
-12
69
118
108
107
141
187
194
135
55
-4
-6
40
44
-49
-137
-73
68
124
96
61
66
114
171
146
38
-13
-8
5
51
91
80
67
100
92
48
53
91
91
50
35
64
96
60
11
-5
0
23
22
-38
-45
53
149
196
152
42
-19
10
105
172
139
52
-12
8
90
122
81
-13
-118
-126
-54
-36
-84
-66
65
198
226
201
187
154
155
203
173
83
72
113
118
89
53
27
-18
-66
-17
69
84
28
-13
-26
-11
27
27
9
44
104
141
117
44
16
52
121
133
101
77
75
85
87
117
129
83
10
-69
-129
-76
64
147
122
40
-13
-38
10
129
232
224
135
84
98
86
28
-6
8
35
66
85
82
54
36
56
56
4
-42
-72
-66
-23
22
59
73
112
157
148
121
118
113
65
3
-21
-5
-11
-11
18
25
2
-17
37
104
123
128
137
150
116
49
6
-13
-54
-134
-155
-75
0
49
118
152
124
82
4
-68
-54
7
21
-7
4
77
112
61
18
22
57
99
73
-22
-94
-45
61
99
64
25
-12
-50
-39
37
140
209
226
219
216
196
150
107
41
-81
-163
-150
-150
-120
10
150
245
242
196
120
84
92
107
82
43
23
13
42
70
52
-5
-59
-101
-105
-43
57
138
181
214
220
194
102
-9
-60
-35
-50
-105
-115
-54
33
116
167
177
153
134
116
90
90
112
74
-14
-66
-28
27
4
-82
-82
-6
42
90
136
130
97
101
118
98
84
51
-37
-81
-65
-23
-3
21
70
74
92
137
167
151
105
81
66
37
1
-26
-62
-67
-14
-3
-9
19
58
70
74
97
112
113
102
96
84
96
100
60
42
42
23
-4
11
45
27
-26
-38
-1
11
8
49
81
65
102
186
220
169
115
87
68
29
-72
-157
-104
48
117
88
101
164
208
197
135
88
73
50
38
27
-1
-12
8
41
66
84
85
39
-26
-29
50
122
123
83
33
26
64
89
108
92
25
12
74
132
144
109
91
91
49
-7
-41
-13
67
85
51
58
84
49
53
129
185
144
59
56
104
88
-19
-83
-27
56
73
36
-10
38
209
323
283
155
40
2
16
43
39
20
22
37
65
84
85
74
50
42
53
67
82
65
33
9
-9
-12
1
32
61
64
22
34
113
164
149
115
104
90
35
1
10
33
57
27
-45
-68
-12
48
49
42
86
123
136
137
136
112
84
69
39
-25
-103
-115
-60
-17
-26
-52
-33
41
89
91
77
85
81
60
57
52
21
-35
-116
-147
-102
-49
7
81
140
141
122
138
130
81
24
-20
-29
-37
-40
-25
-29
-13
48
74
51
21
1
-18
-60
-102
-77
-50
-91
-142
-110
-65
-49
-34
26
100
139
148
122
106
103
50
-43
-115
-149
-137
-76
-22
-5
11
90
189
231
182
84
-10
-66
-50
-37
-68
-73
-57
-33
9
48
55
52
32
40
83
116
89
25
-5
29
102
132
131
137
134
150
204
214
133
18
-37
-38
-19
7
28
36
53
83
113
96
57
56
67
43
8
-1
4
36
66
27
-12
-10
13
41
82
124
166
167
90
-22
-78
-20
76
118
132
136
135
146
161
139
122
124
102
48
22
41
86
101
76
48
49
48
23
36
97
162
181
168
146
152
204
197
123
60
53
81
106
120
60
7
67
141
118
34
49
135
186
188
155
124
115
130
155
164
144
109
42
-17
10
90
101
40
-19
-41
-19
18
27
36
65
86
105
114
52
-21
-4
82
134
102
56
40
56
70
59
35
-2
-58
-50
26
96
113
70
44
88
107
76
16
-26
26
128
178
176
134
70
-6
-35
-11
53
114
74
39
89
108
115
156
132
21
-58
-51
-27
-66
-76
-23
16
22
60
77
51
43
89
124
71
-26
-39
27
50
10
18
57
106
118
114
80
37
9
9
37
32
-3
2
52
72
37
43
96
114
100
92
99
90
64
22
-30
-67
-29
73
209
277
241
197
197
196
178
137
58
-34
-85
-68
-7
52
104
92
66
101
114
108
151
192
193
184
169
117
56
40
91
161
183
125
40
40
124
193
178
130
96
50
-1
3
44
69
72
32
73
181
231
203
138
125
167
198
213
178
75
-3
2
82
129
82
-29
-118
-84
39
161
192
156
129
98
119
169
150
104
83
52
-13
-38
37
120
104
50
27
38
23
8
55
161
221
221
208
116
56
10
-34
-107
-135
-89
-51
-13
65
149
150
86
8
-37
-29
18
39
6
-38
-24
38
45
39
66
80
83
119
149
129
114
125
96
-7
-104
-115
-62
-26
-42
-66
-67
-61
-51
-17
69
169
215
232
230
187
116
56
49
69
25
-85
-119
-55
-23
-60
-119
-110
-37
22
25
7
28
100
138
137
109
77
70
36
-28
-42
3
91
145
116
56
43
66
34
26
84
86
44
27
44
68
88
88
32
-50
-71
-72
-102
-59
48
92
67
50
40
48
87
118
91
39
16
36
64
69
97
162
196
166
116
98
100
74
18
-23
-37
-67
-99
-84
-25
40
101
162
169
115
98
141
161
86
11
3
34
44
-24
-98
-98
-75
-43
-3
27
53
76
96
107
128
113
17
-68
-71
-42
-38
-71
-58
10
67
86
74
75
122
136
105
86
98
116
67
-22
-58
-55
-3
73
134
157
130
92
92
102
99
69
6
-42
-29
9
26
-17
-66
-39
-5
32
65
83
104
108
103
118
99
-2
-101
-130
-81
10
81
134
164
169
171
149
76
27
27
17
10
7
-34
-104
-75
83
199
150
52
68
169
235
209
130
44
4
-3
-27
-18
39
68
57
60
80
73
61
49
67
89
107
101
86
100
103
60
10
21
59
72
36
-22
-26
39
121
140
74
-14
-40
51
160
163
97
61
57
26
-28
-83
-114
-119
-154
-130
9
144
157
112
109
165
196
132
64
38
6
-11
0
11
-37
-105
-90
11
113
129
96
106
152
137
57
19
20
-1
-33
-23
-21
-53
-75
-8
112
152
101
49
93
151
133
100
96
80
28
-5
16
65
82
45
-23
-137
-196
-114
-21
10
16
13
54
120
161
148
117
64
4
-19
12
68
52
-37
-83
-70
-41
26
97
128
99
89
112
141
168
135
72
40
12
-37
-70
10
48
70
69
73
120
176
172
134
70
43
74
119
134
114
64
-9
-58
-33
17
53
86
98
101
106
112
91
61
51
54
41
19
7
81
189
233
200
149
113
92
81
86
86
51
-1
-77
-117
-28
80
106
91
99
162
192
172
169
147
55
-37
-82
-41
52
83
66
53
90
139
128
60
-20
-52
12
113
167
177
149
103
75
56
52
13
-89
-195
-204
-99
82
218
257
221
