135
167
166
118
19
-65
-123
-100
16
104
166
203
172
88
55
118
149
76
-6
-52
-66
-37
71
218
285
235
156
118
108
109
75
-3
-76
-97
-43
10
16
6
43
97
122
164
193
179
147
108
102
164
192
89
-67
-134
-117
-131
-138
-135
-166
-148
-51
71
210
311
328
297
305
292
160
12
-51
-58
-46
-76
-138
-169
-121
-25
11
12
60
137
178
162
147
84
12
-28
-26
19
82
109
76
49
59
66
66
50
12
22
73
107
116
104
81
50
38
58
57
6
-92
-124
-41
70
114
86
98
144
154
115
35
-19
-4
38
65
53
55
82
101
114
90
68
104
134
117
82
40
-7
-24
-22
-19
-10
27
51
-6
-73
-70
-13
38
42
10
13
35
20
26
74
101
92
67
28
-7
-22
49
155
194
138
55
9
20
64
76
88
134
164
131
39
-10
21
67
29
-60
-99
-53
17
50
40
41
70
76
86
85
25
-37
-49
-26
43
116
119
99
91
128
152
91
-19
-82
-83
-65
-6
11
-53
-35
117
242
243
179
91
49
67
100
70
7
-5
8
-13
20
40
73
108
92
53
44
57
103
177
235
247
240
187
116
55
16
-2
-34
-97
-138
-68
33
53
36
65
148
196
209
216
217
161
90
64
49
-1
-66
-91
-77
-19
48
71
83
157
257
253
200
181
168
108
34
-38
-88
-93
-71
-38
-26
-9
54
116
154
186
182
117
64
49
65
52
5
-7
10
19
2
-45
-81
-69
-25
7
20
4
7
37
97
136
118
85
64
44
42
50
66
87
83
58
50
54
28
-18
-28
17
55
45
52
70
21
-17
65
188
210
148
114
82
24
7
53
114
106
28
-19
-20
4
48
81
57
19
-23
-43
7
89
152
133
89
86
101
76
59
61
72
86
87
52
-3
-26
-6
2
-19
-83
-155
-163
-91
-12
32
68
74
89
163
217
229
234
181
72
1
-4
21
36
-8
-61
-69
-39
18
55
77
55
5
58
164
148
69
19
27
75
130
151
104
5
-57
-9
88
132
132
149
151
131
122
106
68
48
34
-3
-28
-7
42
33
-11
5
69
54
3
13
73
99
92
99
71
1
-27
4
23
3
-37
-87
-74
27
125
155
118
68
93
160
153
89
37
1
-3
24
54
86
100
53
20
67
117
83
8
3
53
82
89
53
3
17
16
-37
-38
18
75
118
124
113
102
98
68
-39
-126
-74
40
101
105
109
137
180
196
154
70
-1
-36
-38
-54
-68
-26
12
23
66
106
106
96
117
160
152
109
89
53
27
56
84
86
97
90
81
84
98
91
40
-18
-26
27
50
-6
-72
-76
33
152
176
146
146
151
137
161
168
58
-43
-27
21
24
-4
-6
56
108
114
132
185
227
183
19
-157
-178
-54
24
4
-3
51
137
196
201
180
141
90
22
-59
-147
-167
-53
85
137
112
40
3
65
161
166
56
-51
-52
0
33
17
0
7
16
6
-6
28
103
151
130
85
40
8
29
39
-5
-40
-54
-60
-84
-88
-6
92
131
119
117
132
128
107
73
-13
-101
-154
-190
-158
-9
181
273
205
123
108
115
106
68
-19
-77
-100
-100
-74
-8
61
56
27
84
182
208
157
123
151
168
123
8
-83
-37
54
108
124
88
26
-12
-36
-27
7
37
6
-28
-8
44
70
27
-38
-20
65
136
149
108
98
147
16
-56
-105
-104
-29
55
85
61
-7
-52
-17
50
90
96
86
100
103
92
134
164
74
-36
-26
45
83
99
189
294
305
232
138
71
28
22
12
6
24
52
60
36
20
37
45
42
49
70
90
116
154
130
29
7
84
87
21
7
77
147
154
137
124
99
64
18
-22
-29
-17
-17
-55
-98
-66
-8
50
101
97
84
97
81
67
81
90
51
-18
-21
9
3
-28
-4
66
86
43
-3
-19
-28
-56
-14
24
6
18
70
112
122
88
76
105
97
52
69
124
144
133
118
80
3
-75
-89
-24
29
33
8
10
57
105
103
65
59
106
114
53
10
50
112
92
10
-41
-45
-38
-28
-9
12
43
60
-9
-75
18
183
257
208
167
189
237
260
231
128
7
-38
-52
-108
-153
-116
-26
16
-11
-11
37
88
108
116
116
96
-8
-113
-82
16
50
53
88
133
153
177
186
173
161
131
45
-33
-30
9
10
-101
-3
124
209
213
198
188
166
145
114
25
-20
2
45
71
59
34
37
73
91
45
-21
-19
33
98
134
153
161
113
38
10
29
28
11
16
24
20
57
117
139
152
193
200
147
82
50
-5
-73
-68
8
57
58
73
123
166
172
164
138
84
37
19
-4
-46
-93
-92
-58
-23
34
108
165
209
234
217
112
29
-17
-20
-65
-131
-122
-69
-33
2
21
-17
-24
29
68
67
51
54
67
50
48
83
116
129
102
36
-21
-9
44
70
72
74
84
76
74
85
71
52
24
-21
-82
-116
-59
18
66
93
103
85
75
105
149
149
92
19
-22
-12
11
55
61
51
81
125
112
60
22
11
33
67
96
108
145
157
113
51
52
105
136
105
61
17
-51
-66
5
107
124
42
11
75
138
133
85
-2
-94
-138
-102
-50
-22
-9
-9
58
155
140
84
84
117
120
85
52
26
20
45
38
-22
-69
-37
26
59
123
225
264
228
168
113
92
58
-7
-45
-57
-52
3
100
166
180
187
179
117
29
16
59
44
-33
-91
-106
-74
-17
10
-3
-24
17
72
113
162
166
107
70
72
39
-22
-113
-189
-173
-75
4
100
194
193
164
196
218
188
130
65
7
-18
6
26
32
8
-77
-122
-72
20
69
87
85
58
68
117
134
91
59
61
99
162
165
69
10
75
202
243
189
117
70
114
184
150
21
-19
-6
19
55
113
123
80
32
32
53
53
16
-18
-6
41
48
-13
2
137
210
173
99
49
29
7
-12
8
58
76
68
24
-19
4
86
108
29
-17
17
33
-17
-84
-89
-34
20
10
-65
-118
-62
20
54
77
89
96
114
152
144
50
-34
-34
-17
-133
-82
-5
-2
-69
-104
-45
32
7
-6
50
101
107
84
27
-23
-34
4
52
74
103
163
217
228
101
64
56
70
56
37
26
-19
-89
-66
18
53
74
107
121
136
179
240
296
253
123
43
50
73
83
55
-2
-72
-74
-22
2
10
66
135
152
102
90
154
176
132
87
72
52
8
-34
-93
-129
-113
-46
12
26
55
134
141
106
131
166
121
32
-29
-65
-73
-34
57
120
144
152
154
161
151
109
51
19
22
10
-10
-36
8
102
152
138
97
58
71
116
135
120
91
35
-81
-154
-131
-34
60
80
76
120
183
201
189
156
87
19
8
23
-4
-33
4
52
68
49
2
-2
71
113
70
10
-12
-6
-9
21
86
100
81
86
106
106
118
121
107
107
114
91
43
-12
-24
4
6
-83
-24
3
-4
-2
-1
-33
-38
48
156
236
231
139
74
81
100
93
84
13
-73
-69
4
41
1
-81
-81
8
93
146
180
181
134
116
152
147
68
3
-19
-58
-81
-34
34
92
124
84
49
107
195
198
92
-20
-21
22
-13
-57
-9
75
137
138
113
90
74
55
50
53
38
17
4
28
86
109
96
51
-28
-97
-70
-11
11
27
53
88
106
112
124
128
99
60
23
26
34
-5
-69
-132
-119
-11
132
216
237
235
217
219
248
217
114
22
-17
-20
-2
10
-7
-24
11
54
70
52
16
4
17
32
70
107
97
56
73
148
199
151
32
-71
-50
-20
24
114
188
203
197
176
129
68
48
42
20
