-204
-147
-65
20
107
216
279
272
224
144
32
-66
-100
-90
-49
24
92
70
20
17
25
40
98
183
236
259
285
285
204
73
-57
-146
-147
-76
-22
-3
43
121
195
210
153
44
-53
-34
70
135
149
149
145
123
91
70
65
39
7
1
-6
-23
-40
-41
-13
-24
-77
-92
-12
102
167
193
204
185
130
92
76
49
42
69
80
54
34
45
50
21
-6
2
56
114
136
128
97
57
74
115
89
19
48
144
219
226
145
22
-39
4
24
25
75
97
34
0
22
-8
-97
-11
114
201
249
272
231
140
45
8
-26
-134
-262
-292
-109
194
387
404
315
276
298
294
203
69
-42
-100
-105
-36
81
149
154
130
154
173
113
11
-72
-151
-169
-82
40
116
75
-57
-135
-91
100
313
314
183
99
67
11
-14
-9
-28
-71
-28
28
21
-28
-38
-28
-42
-52
-53
-19
84
220
314
315
235
144
49
-28
-85
-70
-99
-97
-13
64
72
50
44
65
98
128
113
73
52
25
6
25
74
129
135
91
67
66
35
-58
-168
-146
0
28
-22
-2
59
91
93
124
176
208
195
144
85
101
125
89
44
37
64
73
40
18
-2
17
88
93
-10
-85
-4
84
97
64
48
35
16
-13
-35
-11
28
25
-41
-54
23
76
55
41
115
196
202
169
194
201
149
-8
-188
-235
-132
23
120
133
122
152
183
172
108
44
-12
-57
-41
16
70
80
70
75
20
-105
-182
-110
25
128
129
87
96
160
216
192
90
13
0
-24
-1
72
80
10
-38
-19
44
88
117
120
102
87
108
134
122
61
2
-3
17
11
-43
-104
-88
-19
19
20
58
160
240
273
277
213
123
82
65
36
-9
-27
-19
-55
-102
-55
-13
40
51
71
152
231
221
132
58
41
19
-9
-36
-71
-113
-201
-277
-249
-149
-17
61
85
112
141
178
178
68
-104
-217
-250
-245
-225
-196
-169
-196
-228
-156
-69
-54
-50
-8
49
70
19
-19
7
24
28
43
35
34
51
21
-26
-46
-66
-69
-55
-36
-2
13
-29
-104
-88
-36
-12
-11
51
168
241
240
196
128
45
35
86
118
119
91
86
82
67
44
65
114
169
176
164
176
187
166
123
80
51
44
40
28
22
22
49
49
-23
-69
-20
36
61
57
92
182
244
200
131
99
84
59
20
-22
-72
-146
-187
-164
-75
61
176
214
205
179
171
160
96
7
-18
-2
-27
-60
-38
5
16
-13
-65
-133
-93
58
164
192
152
59
-1
19
56
56
23
1
10
24
13
29
72
75
42
28
34
19
-24
-14
69
115
99
80
82
97
104
82
53
-1
-103
-134
-25
69
82
69
66
58
73
69
26
-3
-8
25
140
246
262
213
129
54
36
45
73
101
100
100
84
76
106
167
202
172
128
108
144
200
210
171
132
90
35
22
81
91
42
48
132
182
221
288
315
289
252
219
177
147
102
44
48
89
128
178
233
243
220
220
232
208
162
153
168
152
154
192
193
194
212
184
103
48
58
82
91
128
185
154
97
56
60
86
88
105
141
212
246
186
106
65
38
23
41
67
40
41
117
181
167
120
70
44
24
0
7
6
19
97
156
120
36
-24
-24
1
26
35
33
7
-21
-18
37
103
114
89
70
41
36
69
102
103
71
17
-23
-19
0
3
13
65
109
136
132
107
77
35
-23
-109
-173
-172
-121
-23
86
144
137
149
194
221
216
178
74
-12
-20
-5
-5
-42
-91
-74
13
85
97
98
80
85
162
227
180
49
-33
0
98
162
141
84
59
59
44
33
1
-81
-137
-106
-57
18
91
105
88
66
41
23
10
-14
-62
-85
-78
-59
-38
-46
-89
-77
-12
50
88
26
-35
28
121
152
93
0
-38
-2
45
57
32
9
25
28
11
-2
-5
16
52
55
33
-34
-132
-178
-121
-59
-4
52
101
129
113
53
-54
-129
-87
2
32
-3
-29
21
101
102
35
-50
-75
-24
34
75
101
117
128
108
99
124
160
148
116
72
70
114
141
121
53
-11
-36
-3
77
151
183
180
147
121
145
162
149
121
82
59
49
38
24
-11
-18
43
85
44
7
-4
19
96
155
178
180
165
139
139
164
180
154
70
-4
-45
-57
-58
-58
-22
28
57
54
39
37
73
105
103
103
104
87
72
64
68
86
120
113
40
-52
-92
-66
37
93
70
65
121
182
169
129
146
167
130
58
24
7
-11
-2
8
26
55
58
38
42
24
-61
-114
100
102
140
197
242
263
240
168
103
43
-5
1
50
90
75
40
20
-3
-10
9
18
6
35
86
109
112
115
87
43
22
36
57
44
56
121
166
149
102
68
85
114
115
99
70
54
40
3
-22
0
27
-13
-105
-115
-7
105
185
208
178
163
171
155
83
-12
-82
-100
-114
-125
-90
2
102
154
149
102
71
52
41
68
101
102
96
83
72
59
18
-34
-51
-61
-90
-94
-51
-19
-22
18
67
66
33
41
89
128
115
80
52
27
-12
-57
-75
-59
-5
52
67
45
55
107
147
144
88
23
-8
-10
-36
-113
-153
-105
-13
45
72
84
92
99
50
-13
-38
-56
-51
49
178
196
135
109
137
181
173
113
45
25
34
45
99
162
179
151
109
86
48
5
21
84
113
65
-12
-8
86
176
117
88
85
65
23
-5
-2
-14
-68
-166
-229
-118
69
172
197
202
218
216
194
145
55
-21
-29
-13
-20
-18
24
35
-11
-69
-116
-108
-24
55
124
198
205
140
90
92
114
130
106
21
-35
-13
34
60
57
56
58
38
10
19
35
-6
-57
-52
-8
65
138
140
88
87
121
134
113
59
-6
-85
-101
-36
43
57
-10
-69
-30
51
115
153
183
187
147
77
29
3
-24
-37
-34
-51
-53
-17
59
139
133
51
-21
-33
-12
-11
-2
27
70
123
160
165
144
92
50
65
109
105
5
-75
-14
70
83
42
4
11
71
101
71
41
34
22
25
32
32
45
68
106
156
188
188
140
60
1
-43
-82
-107
-99
-66
-42
20
116
178
177
134
58
6
24
50
17
-8
16
70
131
184
162
83
25
-22
-45
-9
29
17
-23
-27
-4
44
89
100
97
90
101
135
166
139
89
81
107
128
102
65
59
67
34
12
-3
-34
-14
5
4
25
87
138
155
154
106
26
-22
-75
-136
-104
-14
50
72
59
49
90
139
129
76
32
16
26
22
36
120
203
196
103
-7
-61
-13
98
140
81
20
-8
-74
-75
85
237
220
98
10
25
85
124
124
87
35
34
90
139
130
38
-34
-53
-59
-61
-106
-149
-54
147
275
218
41
-66
-38
25
68
83
66
28
10
27
36
0
-53
-57
-4
41
37
44
124
201
167
61
-14
-42
-33
-5
23
49
44
7
-1
64
102
117
120
120
128
113
86
28
-33
-4
53
53
41
90
154
180
153
84
-20
-116
-196
-235
-174
-6
149
196
167
156
178
178
156
72
-18
-11
43
51
-10
-68
-70
0
103
155
133
103
148
193
156
114
86
28
-24
-22
3
12
44
76
43
-2
-6
21
89
151
163
123
49
-17
-57
-82
-34
23
28
-12
-62
-24
83
149
129
42
-23
2
102
160
122
28
-38
-83
-85
-10
81
91
75
60
32
34
51
53
36
-18
-36
-25
-17
41
130
135
87
64
92
133
155
155
113
93
87
39
-5
-8
16
36
21
-35
-54
-23
-24
-52
42
67
104
132
140
156
163
97
0
-36
-22
-14
1
26
37
32
34
59
97
134
123
87
53
11
3
35
49
24
37
67
53
34
41
41
24
44
84
54
-1
-13
-3
21
65
104
123
157
216
258
232
104
-66
-25
-62
-105
