57
13
6
11
2
-28
-60
-66
2
134
130
100
91
132
162
117
21
-57
-97
-103
-70
-13
22
67
88
60
70
140
202
188
115
24
-61
-147
-198
-165
-76
-41
-23
51
118
160
192
181
116
39
4
3
0
-18
-26
8
35
5
-28
-9
4
-54
-97
4
166
232
203
145
116
101
90
54
-24
-103
-156
-162
-94
-40
-56
-102
-124
-98
-29
18
18
33
57
53
71
132
146
103
58
25
32
67
53
-10
-34
12
92
148
122
65
48
37
42
39
27
50
85
99
129
199
245
200
88
45
82
99
72
36
20
36
65
97
108
80
70
98
149
118
50
77
195
266
249
202
169
150
144
140
108
71
56
32
4
10
23
-6
-39
-43
-40
-54
-77
-52
67
208
280
251
186
140
132
138
145
92
21
13
51
64
22
2
32
61
40
-5
-34
-28
-5
11
2
-2
32
50
55
26
-20
-20
27
18
-62
210
86
77
124
161
147
91
34
-12
-38
-25
1
-7
-67
-124
-146
-126
-81
1
38
-1
-29
-6
20
-2
-43
-66
-69
-68
-37
-6
-8
41
140
171
131
124
140
97
44
34
58
88
51
-9
-19
32
87
82
-3
-17
96
235
313
293
225
194
224
244
164
28
-50
-36
32
48
-24
-45
10
82
123
150
146
96
69
54
51
20
-21
-19
4
-2
20
122
208
181
106
57
44
49
36
36
32
20
28
48
66
87
92
69
21
-23
40
114
119
68
60
128
184
201
196
156
107
85
89
91
81
72
72
60
40
48
66
68
84
92
100
107
92
83
76
39
-4
-33
-11
61
120
106
56
28
32
38
17
-29
-42
0
41
91
182
250
244
69
-41
-114
-52
64
128
144
151
155
162
154
102
27
6
13
4
-20
-53
-36
28
44
10
-23
-34
-17
-9
-24
-21
35
56
51
71
58
57
88
114
125
107
67
52
59
72
75
44
-3
-17
28
81
66
24
40
134
199
193
177
152
85
26
-1
-29
-35
-34
-25
20
101
144
168
169
135
98
54
23
-1
-19
-12
-3
4
-29
-76
-27
76
106
74
50
71
130
194
186
105
26
17
33
17
-11
-26
-11
-11
-12
-14
-7
33
91
134
154
156
148
123
90
81
86
57
-4
-54
-91
-101
-56
24
82
52
8
7
81
161
156
99
32
-18
-29
-19
-21
-78
-157
-162
-105
-19
80
149
161
138
134
118
82
44
24
24
42
65
71
65
65
58
39
20
7
0
23
76
117
134
118
89
80
64
21
-8
-36
-87
-81
3
33
-13
9
147
265
280
250
233
201
149
118
96
49
19
-9
-68
-89
-104
-136
-151
-140
-73
69
203
246
225
202
194
218
203
92
-11
-36
7
64
74
33
-26
-74
-68
-5
73
101
83
66
74
74
38
-10
-52
-52
-49
-26
48
162
231
219
149
76
70
104
90
21
-40
-67
-50
12
72
80
91
113
135
168
169
108
10
-57
43
71
76
91
128
149
123
66
19
24
52
59
74
93
106
113
96
53
5
-36
-8
23
-6
-4
67
123
96
26
-8
-17
-39
-43
16
72
84
74
67
100
135
136
107
82
64
44
39
58
88
60
-19
-108
-168
-170
-104
0
90
133
139
177
219
188
70
-25
-36
-14
-12
-11
10
58
74
65
86
133
140
99
55
41
56
87
84
4
-119
-138
-40
72
139
131
84
84
140
173
144
89
38
1
-27
-75
-90
-12
50
38
35
53
69
91
93
60
16
-4
22
44
38
21
41
97
133
125
50
-41
-57
-28
-14
5
36
56
92
114
82
59
69
77
98
136
122
48
26
81
107
80
19
9
54
92
105
71
22
0
0
32
41
13
-7
7
42
39
29
65
104
109
108
101
75
51
11
-42
-76
-88
-73
0
81
75
50
58
87
113
115
108
104
91
89
66
64
119
141
106
80
100
112
73
57
69
52
-4
-41
-36
-28
-17
21
50
45
54
96
145
194
187
118
57
54
68
64
41
37
38
26
53
108
122
107
81
43
38
53
77
96
100
105
93
72
60
67
89
66
-2
-54
-74
-37
22
36
37
65
65
64
77
80
76
96
145
176
116
13
-7
27
32
-43
-93
-14
90
148
172
179
149
86
7
1
28
-4
-52
-61
-29
54
144
153
113
99
73
54
85
118
115
68
22
6
-13
-45
-53
-42
-33
-13
41
130
192
195
132
91
131
139
34
-98
-164
-149
-14
59
51
-20
3
93
151
165
138
113
103
75
17
-6
-3
-14
-5
42
74
67
41
34
25
-1
10
86
137
108
49
53
132
204
202
140
81
33
-9
-13
34
83
68
-13
-84
-30
81
109
57
48
66
74
81
98
93
65
25
-27
-41
-18
3
4
-22
-43
-33
-5
12
23
25
39
10
-73
-135
-131
-74
39
130
131
115
124
132
107
59
-14
-88
-109
-73
-5
20
34
91
154
144
73
40
41
16
-18
-21
7
21
4
-12
34
134
201
183
134
106
141
179
145
68
-46
-100
-9
129
182
132
145
209
245
250
227
155
122
141
134
88
41
39
58
73
122
144
82
4
9
60
90
74
11
-1
64
132
163
117
34
-8
21
64
3
-67
-18
86
134
59
-49
-41
88
187
155
96
134
248
317
272
185
73
-60
-155
-145
-41
37
57
69
97
128
120
50
-52
-138
-136
-89
-70
7
104
172
178
133
84
70
28
-46
-52
38
86
72
106
169
186
178
145
36
-4
40
66
42
40
23
-35
-105
-129
-53
70
151
156
150
181
213
182
99
-12
-153
-261
-254
-201
-150
-40
54
87
113
154
195
204
168
108
24
-56
-85
-90
-89
-24
53
58
20
18
93
163
132
53
10
12
52
50
-11
-60
-52
33
122
124
59
13
22
57
72
53
6
-42
-7
98
130
77
26
2
8
11
-2
-26
-22
36
91
133
129
70
12
-11
-29
-56
-38
13
64
96
151
216
240
215
171
136
102
50
-22
-60
-54
-35
-58
-132
-162
-76
57
133
125
132
210
273
280
262
200
84
16
7
7
17
11
-21
-87
-133
-77
34
109
154
188
204
167
102
117
161
104
-30
-97
-56
-23
-30
-49
-36
-13
12
60
106
165
241
248
123
-24
-68
-39
-5
6
-26
-38
40
171
261
240
166
87
36
11
0
-9
-33
-46
10
97
123
107
98
81
68
54
2
-69
-105
-91
-101
-115
155
169
184
218
258
240
152
65
27
10
-35
-42
23
91
99
84
52
2
-27
-10
25
64
82
64
84
134
134
104
86
69
54
-19
-113
-67
52
145
168
130
98
133
181
88
1
-33
-26
6
61
84
64
35
35
58
68
40
-6
-19
0
21
-14
-110
-168
-85
85
243
305
264
234
240
232
152
7
-116
-163
-151
-115
-27
66
114
135
166
166
136
117
82
24
23
66
100
56
-21
-72
-85
-108
-158
-228
-187
20
195
231
217
215
235
237
162
41
-33
-76
-121
-126
-98
-33
24
11
-30
-14
72
157
232
248
82
41
42
9
-102
-185
-172
-120
-33
103
196
179
152
165
181
162
119
90
49
-41
-167
-229
-97
150
298
284
187
140
188
217
166
73
-21
-101
-98
-83
-120
-100
9
87
105
114
140
161
154
132
103
42
-50
-117
-117
-76
-46
-38
10
90
148
156
116
65
51
117
173
154
98
54
26
-6
-57
-116
-145
-130
-76
-22
58
122
164
226
257
241
202
144
90
65
36
2
-9
-2
4
-18
-66
-76
-39
-11
-23
25
119
123
80
80
107
119
105
84
33
-30
-25
54
106
129
145
109
37
-12
-20
-6
-20
-41
-18
34
60
