218
156
70
75
156
213
203
180
188
253
285
272
257
250
232
218
199
152
136
139
151
164
162
162
194
208
162
109
90
49
10
64
136
164
129
28
-5
69
153
120
50
32
58
74
56
29
0
-19
-25
10
60
33
-2
-14
-22
32
98
71
-10
-46
29
118
91
50
71
117
121
99
96
88
41
-4
-40
-84
3
89
85
2
-51
-41
-8
43
96
37
-26
0
102
192
160
26
-49
-29
3
40
43
16
24
65
106
114
83
50
6
-28
-35
-30
-18
39
100
85
13
-18
-5
33
17
-72
-120
-58
45
130
139
120
109
114
117
113
55
-18
-28
0
26
8
-51
-99
-106
0
134
150
93
81
103
98
98
108
84
39
26
51
96
93
53
37
64
82
67
64
50
34
58
76
49
13
3
7
-4
-51
-65
-18
25
45
57
60
60
69
74
80
74
64
42
37
13
3
11
-5
-17
-2
60
144
146
120
155
200
209
219
177
76
55
67
57
33
-14
-36
23
89
70
53
89
125
121
74
53
72
88
36
-36
-36
34
83
58
-3
-69
-87
-35
36
98
106
72
33
0
20
61
38
-7
-12
-5
36
98
98
39
-19
-40
-29
32
128
171
147
55
20
85
104
44
6
20
42
71
104
106
70
28
-4
-53
-54
34
156
203
199
203
145
27
-25
10
61
61
36
45
83
99
101
86
41
-6
-33
-33
37
168
200
130
97
122
113
59
33
49
68
57
37
34
74
136
149
135
98
99
167
196
171
124
82
56
38
25
41
64
57
24
-18
-36
-10
57
104
88
68
98
120
100
67
71
49
2
-2
-5
5
56
76
53
57
100
150
122
37
3
17
5
-35
-57
-50
-11
56
87
34
-3
23
72
81
34
4
2
24
102
177
155
69
24
4
-36
-60
-34
19
48
18
-4
27
74
74
48
5
-70
-115
-23
104
168
140
115
132
148
136
117
91
58
43
61
67
37
1
-37
-66
-6
44
38
67
131
139
103
60
38
37
51
85
112
55
32
116
164
138
105
123
130
59
-13
-10
55
107
75
-2
-43
11
121
150
70
-3
-6
33
72
108
122
121
132
99
5
-53
-51
-25
-5
10
44
83
103
100
88
92
112
118
106
89
96
114
82
16
-1
70
119
56
-10
27
114
112
66
38
20
-1
-4
67
131
117
81
101
146
116
57
21
-26
-53
-27
-5
-6
22
65
69
44
9
10
41
65
87
90
83
74
51
37
16
-26
-50
-52
-34
11
55
69
83
96
92
101
130
123
76
25
-2
3
38
19
-21
-5
66
152
196
187
140
99
80
67
90
75
-51
-152
-147
-62
21
58
49
33
68
131
160
146
114
48
1
-6
-29
-53
-25
55
99
58
-18
-61
-28
9
12
-53
-114
-56
25
77
106
83
4
-55
-56
1
70
98
87
53
44
68
68
43
22
3
-37
4
116
137
93
81
65
37
26
32
25
25
36
5
-22
53
161
172
153
172
165
105
75
73
99
100
54
16
-5
9
55
55
45
87
114
86
80
120
137
103
87
55
16
9
12
28
74
67
34
40
76
102
86
52
68
109
112
107
101
69
51
60
100
145
146
99
72
76
74
52
40
19
3
13
44
57
115
208
220
176
140
135
131
121
121
104
58
17
-19
-56
-13
90
148
109
72
51
12
-2
7
38
54
28
-5
16
90
83
17
-8
-11
-41
-69
19
119
129
133
147
135
103
65
48
23
-25
37
-12
-34
36
81
55
33
20
8
21
34
41
52
66
56
49
81
101
72
25
26
68
89
60
48
75
68
52
36
38
80
81
58
56
52
28
28
52
52
5
-42
-38
16
64
74
60
37
43
72
73
49
25
2
20
72
55
-29
-37
69
200
203
128
130
177
183
150
121
90
49
-2
-11
51
113
114
67
27
-6
-34
-4
37
91
93
64
32
42
93
89
10
-34
-56
-67
16
136
180
150
132
145
151
134
107
75
34
1
-122
-72
13
80
99
122
123
93
88
97
90
13
-35
6
87
136
137
98
59
49
23
-19
-21
28
65
34
19
73
149
155
88
10
-61
-109
-74
23
97
103
80
93
148
168
130
69
7
-33
-59
-42
-1
42
87
81
-6
-75
-54
34
101
92
22
-18
25
66
67
73
55
11
-3
11
66
73
37
-6
-6
83
146
113
56
39
88
164
213
176
88
25
28
55
35
-4
-74
-139
-106
-3
51
53
70
122
157
153
93
-2
-71
-55
16
41
24
29
26
4
6
13
-5
19
103
128
96
87
88
72
72
67
16
9
116
181
189
208
217
197
150
81
13
-29
-43
3
70
87
91
83
68
68
48
24
51
81
90
84
57
32
19
-9
-70
-89
-35
39
102
102
80
99
129
123
66
-7
-29
9
73
76
23
-28
-71
-27
74
145
124
87
107
146
187
196
121
22
0
33
24
4
35
106
136
92
42
42
82
104
91
44
-10
-39
-37
-3
65
132
121
23
-60
-56
42
113
99
44
13
32
50
13
-61
-109
-45
64
90
34
-17
27
123
121
41
-22
-14
19
50
24
5
53
93
59
-7
-35
55
183
187
113
67
40
28
36
44
42
40
57
26
-55
-65
48
168
173
99
53
69
90
77
70
36
-19
1
72
72
16
37
87
80
13
-68
-74
32
124
87
20
17
48
114
185
165
64
-2
-27
-13
39
88
84
42
9
35
91
122
122
99
66
61
52
12
-6
9
41
32
35
71
88
91
99
117
108
70
22
-36
68
64
5
-21
2
40
17
-2
39
104
93
13
-24
-10
36
69
53
-2
-60
-41
22
44
26
16
-3
-7
66
123
109
85
74
55
22
2
-4
-10
27
102
120
54
40
122
128
32
-33
-5
74
86
21
1
40
40
-25
-52
4
37
26
2
-1
26
97
123
54
5
41
87
84
65
42
2
5
68
72
16
10
75
116
115
105
81
43
16
17
37
33
35
69
93
124
152
150
102
73
140
205
173
112
91
86
54
24
39
24
-27
-40
4
69
120
112
43
26
67
83
92
98
66
32
26
34
22
-4
2
29
9
3
57
85
73
128
184
119
32
37
97
133
124
80
36
26
4
-10
19
70
48
-61
-99
29
165
145
44
12
27
27
43
50
42
16
-40
-72
-40
20
88
133
115
81
105
135
119
104
97
17
-104
-102
28
131
164
185
194
157
120
119
97
35
-43
-106
-52
74
177
228
234
225
90
40
18
-1
-17
1
12
-46
-109
-33
130
200
140
55
-3
-5
34
48
20
-20
-9
48
96
124
132
112
103
75
11
-20
-12
2
25
34
11
0
-9
22
122
164
119
76
70
98
103
85
34
-61
-115
-70
-13
3
-2
-39
-27
82
198
181
81
44
56
71
80
67
44
-38
-116
-66
59
133
133
125
144
147
139
154
149
87
18
-10
34
44
66
154
161
144
147
140
123
103
59
9
-13
-13
-3
27
68
41
-4
-7
72
166
128
5
-53
-35
-2
-5
-6
3
18
36
2
-10
25
90
149
163
140
108
99
108
120
116
104
92
86
119
155
152
138
146
132
60
-21
-57
-17
75
117
57
-13
-29
5
36
22
-25
-29
60
140
101
21
0
27
40
-2
-41
-13
41
44
-5
-11
50
116
161
147
87
52
28
8
8
22
22
-28
-90
-68
18
87
102
88
76
35
-6
58
176
198
132
76
61
87
124
120
66
20
-13
-34
28
114
102
80
135
156
115
72
66
53
17
3
-12
