139
55
-3
18
68
89
69
42
34
49
73
59
25
10
-4
-28
-2
86
165
188
149
54
-17
-6
56
76
24
-26
-43
-37
33
123
164
167
135
69
18
27
51
49
20
3
6
-2
32
132
182
131
67
44
53
44
22
-2
-8
-10
-14
-7
-17
-56
-70
-18
75
128
98
52
69
106
128
130
97
19
-38
-17
35
33
-17
-18
-10
-40
-52
2
74
105
106
96
75
44
34
36
35
16
-33
-50
-13
-7
5
69
129
120
76
49
84
122
97
51
59
87
86
68
48
33
24
3
-67
-148
-162
-90
1
77
124
140
149
177
187
151
85
36
28
38
37
37
41
54
37
-8
-71
-91
-36
-5
-13
17
71
82
76
90
100
65
19
8
40
48
-34
-101
-70
12
70
74
74
81
83
83
55
-20
-91
-114
-107
-67
-68
-91
0
172
227
128
24
55
157
193
153
130
145
123
43
-9
-20
16
84
161
210
217
197
177
165
154
133
74
72
150
212
228
224
216
205
155
106
115
145
183
229
259
248
230
233
230
200
149
90
76
121
148
120
112
131
113
67
41
54
115
185
217
193
125
50
25
49
80
120
161
162
131
103
99
58
-162
-238
-290
-247
-162
-42
80
130
101
44
20
13
9
-21
-45
-1
26
-34
-121
-124
-68
-45
-90
-119
-90
-67
-57
-33
-5
-22
-85
-114
-87
-78
-122
-148
-70
52
108
97
58
10
-49
-70
-10
21
-26
-73
-55
0
70
145
197
172
107
57
27
23
52
71
67
54
22
-10
16
60
48
21
23
28
28
35
66
96
91
16
-88
-115
-41
18
-21
-50
19
114
178
214
198
144
104
109
129
112
53
26
74
119
77
-9
-14
89
155
108
81
144
210
198
140
101
82
21
-65
-77
-29
9
26
-8
-66
-88
-62
17
109
134
112
105
129
151
163
153
107
27
-19
-12
-17
2
70
124
106
48
10
24
73
129
133
82
35
8
-5
27
76
74
51
58
89
124
139
109
81
52
24
6
-20
-45
-58
-61
-45
-2
80
162
172
124
93
90
76
23
-35
-56
-62
50
81
73
87
122
150
132
70
51
100
108
38
-22
-45
-34
32
81
60
50
81
146
192
177
120
52
-2
-43
-75
-42
51
90
96
121
122
98
96
96
26
-62
-99
-101
-71
-5
55
99
108
56
18
32
85
148
185
198
184
178
161
132
106
48
-27
-35
16
39
58
103
118
90
35
-7
-6
2
22
40
33
-9
-22
44
133
132
76
65
103
147
133
48
-8
34
103
102
83
102
144
156
117
65
4
-59
-71
-20
27
58
68
51
52
51
22
13
61
91
53
-11
-9
81
160
161
90
8
-2
58
93
90
83
59
54
85
118
139
113
27
-41
-34
-30
-40
-18
-6
10
34
37
36
43
70
97
93
69
35
-1
-21
-50
-5
85
114
88
83
91
137
198
188
146
97
65
74
108
121
89
26
-40
-107
-177
-188
-108
56
184
202
197
278
280
162
25
-35
-38
-13
19
19
-20
-60
-8
96
107
55
23
22
19
27
90
106
42
8
51
108
154
194
192
134
50
-34
-49
24
90
101
99
119
163
199
176
109
48
5
-11
-10
-34
-71
-27
89
163
107
6
-36
0
82
134
109
64
67
117
163
151
117
104
85
55
43
19
-19
-7
44
116
106
22
-33
-12
13
29
53
54
49
81
118
118
99
54
-17
-58
-50
5
45
39
54
96
125
147
131
68
-22
-61
-36
17
53
52
58
60
42
50
48
-5
-53
-50
4
82
134
138
145
154
148
109
57
22
24
50
65
48
17
-12
-49
-74
-61
-59
-66
-34
38
117
162
164
150
137
117
69
7
-51
-53
-26
-42
-77
-71
2
96
149
186
258
320
290
210
150
88
-8
-76
-89
-104
-114
-91
-76
-71
-18
83
140
122
115
125
121
91
42
0
-9
-8
-24
-28
34
115
124
85
56
54
69
27
-49
-73
-14
73
138
135
108
96
54
10
50
104
84
1
-67
-34
69
162
196
183
128
53
34
80
97
72
56
40
-2
-52
-83
-90
-42
58
91
20
1
68
167
225
203
117
60
65
45
0
-4
40
69
80
87
107
128
154
169
150
139
117
11
-107
-113
-49
-6
22
21
-27
-58
-20
33
16
-29
-40
9
82
128
171
248
282
227
104
-22
-58
-18
9
24
61
131
167
135
91
42
-26
-46
1
16
-30
-88
-102
-38
41
108
104
51
43
102
166
173
104
33
2
-17
-37
-55
-49
-8
-10
-60
-78
-23
33
26
27
89
146
120
85
75
106
157
140
58
22
83
186
228
138
33
1
8
33
44
35
23
18
3
8
12
-4
112
133
84
22
8
87
161
157
130
66
-27
-61
-18
65
118
125
102
83
87
104
96
89
91
52
-4
-12
41
74
61
65
91
108
48
-50
-59
4
59
50
23
36
70
113
134
131
108
85
92
101
64
40
51
61
44
26
32
12
-29
-83
-107
-75
-4
72
121
132
144
195
219
164
49
-68
-104
-33
70
87
75
118
184
225
197
99
-10
-68
-24
64
116
77
-21
-36
87
195
121
-40
-82
17
121
162
139
92
34
-33
-91
-84
-77
-99
189
214
185
166
151
113
81
39
-26
-85
-73
-19
5
28
60
73
87
116
86
57
108
144
88
6
-35
-36
6
89
99
-9
-83
-6
101
163
177
182
204
227
227
215
198
132
40
-10
-50
-87
-120
-114
-77
-70
-102
-101
8
112
125
91
83
112
119
70
22
-1
-34
-74
-87
-27
56
92
68
51
64
84
92
88
64
9
-57
-123
-169
-140
-6
103
131
131
176
240
260
213
140
80
20
-24
-39
-36
-49
-50
-49
-40
0
74
153
199
196
169
195
230
217
144
23
-42
-22
-9
-52
-146
-187
-67
118
217
183
120
113
131
131
98
51
8
-29
-7
67
105
87
84
84
39
-7
-17
36
118
145
118
91
68
39
29
60
68
55
70
69
58
58
73
80
98
112
104
116
130
103
41
-30
-89
-119
-140
-98
-3
36
7
27
132
196
172
134
132
124
83
67
93
129
135
75
-35
-122
-82
26
64
51
72
115
157
185
195
179
124
57
19
26
49
53
23
-20
-55
-35
-20
-73
-105
-21
97
140
121
98
97
56
-69
19
54
43
64
117
165
171
134
80
48
43
53
42
-3
-43
-68
-78
-42
7
-17
-84
-26
148
266
235
162
138
150
163
163
130
88
60
36
-6
-25
-59
-83
-37
18
52
77
118
154
157
147
149
145
125
82
41
38
43
10
-6
11
-13
-52
-46
12
98
105
54
48
39
2
5
19
9
3
20
53
112
145
140
147
136
108
112
138
137
70
0
-17
12
85
124
97
61
55
73
74
45
16
-2
8
29
19
18
49
96
113
84
60
56
42
40
56
22
-27
-39
-51
-65
-11
98
187
202
168
138
131
115
35
-51
-39
-4
-21
-30
-2
-3
-73
-136
-106
-8
109
205
251
273
276
241
154
28
-89
-181
-202
-170
-102
-3
83
168
264
296
253
195
145
104
60
7
-68
-138
-146
-88
-3
86
172
214
103
-55
-68
12
70
81
71
83
164
266
308
289
209
75
-26
-113
-161
-129
-65
-56
-45
5
72
120
105
82
80
69
64
86
107
76
12
-20
-22
-3
51
91
67
9
6
50
64
38
12
40
91
66
18
35
107
185
201
155
87
21
-43
-72
-49
-20
-5
-11
-68
-77
19
137
192
192
156
144
128
76
-23
-102
-117
-73
-9
35
72
121
136
102
48
-6
-81
-124
-66
39
112
132
145
179
216
155
22
-28
20
59
49
17
13
59
82
