65
92
133
133
139
181
184
114
26
-6
0
10
-5
-4
39
91
106
118
171
188
108
-1
-46
-4
67
85
49
35
104
200
193
92
4
-50
-60
-83
-135
-124
-3
136
242
262
213
137
83
75
80
43
5
-57
-123
-126
-84
-25
76
144
116
101
114
107
90
49
-58
-135
-101
-45
-1
59
92
117
166
180
138
80
12
-36
-40
-34
-39
-42
-57
-50
29
131
166
157
166
180
178
160
117
68
43
34
23
12
19
28
26
13
-26
-49
-1
50
66
50
33
54
128
202
212
185
184
185
173
121
40
-14
-42
-68
-123
-149
-75
34
60
12
-10
7
54
76
82
75
68
84
100
76
35
37
91
129
131
101
51
13
5
45
88
75
7
-88
-42
11
24
25
66
122
140
130
118
112
81
19
-20
-19
-3
40
73
85
77
82
106
113
64
-23
-21
67
118
103
76
53
58
100
134
113
56
1
-13
2
16
34
68
64
4
-25
34
114
120
88
45
12
39
83
59
17
-2
-7
-29
-68
-29
60
76
12
-5
54
133
178
120
34
22
55
32
-71
-114
3
116
113
88
106
140
155
131
108
120
107
92
86
52
5
0
40
49
6
24
117
145
81
11
-3
37
89
102
83
56
58
100
144
166
150
89
21
-34
-52
-10
50
54
-2
-54
-59
-2
60
64
20
-10
5
38
58
13
-76
-154
-151
-108
-75
-37
-3
82
198
224
166
125
122
81
7
-2
10
4
25
92
149
145
82
16
16
35
9
-12
-14
-24
-98
-172
-149
-56
18
70
105
137
183
258
282
198
57
-46
-65
-18
36
73
71
17
-66
-22
157
272
228
169
169
179
146
96
37
-7
-37
-41
-56
-60
18
134
201
186
134
100
75
24
-39
-65
-29
34
75
56
37
98
186
216
209
183
132
80
57
59
64
37
-22
-98
-125
-72
4
13
11
85
179
183
90
40
40
10
-20
-10
24
60
88
107
106
75
41
28
28
-26
-117
-133
-27
51
49
7
-30
25
154
219
193
153
145
162
153
64
-37
-35
83
123
75
61
117
155
137
42
-66
-87
-13
35
-8
9
129
217
243
240
201
137
98
43
-42
-85
-52
-29
-43
16
59
96
99
100
123
124
106
90
65
26
28
36
18
-36
-83
-49
76
179
155
108
139
243
294
267
188
120
86
51
4
-17
-12
-7
-18
-2
45
80
52
-13
1
83
89
27
3
39
80
89
64
12
-21
-10
5
-8
-17
-3
21
56
83
117
138
179
257
304
257
145
42
2
0
-2
-17
-36
-34
-10
-10
-12
2
12
40
99
138
130
75
44
26
-27
-100
-141
-120
-61
8
96
180
224
204
180
188
177
86
-28
-20
-75
-59
33
122
147
122
84
67
85
97
52
2
-8
8
43
54
34
13
28
53
36
-12
-13
42
107
138
89
-2
-24
42
136
193
172
122
107
112
91
67
29
-2
-7
-4
1
4
-21
-65
-37
24
59
60
67
105
167
220
212
103
-38
-60
-20
-41
-77
-65
-28
-39
-87
-113
-67
-8
5
18
76
163
208
164
76
37
69
117
153
151
109
86
86
104
116
85
7
-38
-34
-7
38
59
44
66
100
83
26
2
24
55
53
22
-21
-49
-33
16
57
52
9
-9
23
64
55
38
24
-2
-11
-8
-52
-135
-181
-148
-41
84
163
185
198
216
210
171
130
73
-21
-151
-257
-242
-100
53
134
160
145
152
201
247
234
146
26
-38
-8
56
74
80
84
60
1
-22
19
17
-18
3
60
145
173
113
69
82
96
69
6
-27
-4
19
-11
-75
-137
-153
-115
-56
-40
-7
5
-66
-153
-166
-182
-229
-243
-180
-76
10
54
44
29
6
-53
-115
-119
-99
-108
-93
-23
40
69
92
121
134
129
131
138
118
106
121
114
136
164
123
66
80
140
168
145
152
225
296
292
232
180
162
157
116
38
28
84
132
185
241
273
310
324
294
251
216
162
122
86
12
-24
5
55
77
90
67
-1
-27
55
203
277
252
215
202
187
138
64
-2
-37
-13
70
148
155
118
67
-4
-73
-90
-73
-38
41
129
180
203
196
198
232
217
117
2
-35
19
80
121
152
171
178
164
151
130
98
49
-27
-94
-150
-158
-66
49
102
150
251
328
310
241
161
83
37
8
-5
-20
-73
-140
-153
-71
71
160
132
84
96
150
171
98
-3
-35
-9
5
-30
-40
35
96
86
52
24
-1
-11
-55
-106
-103
-68
-60
-88
-93
-70
23
107
107
56
55
100
123
124
112
103
51
-54
-134
-164
-135
-68
33
121
106
88
164
250
268
195
52
-66
-140
-179
-116
75
274
310
218
154
194
230
140
-49
-188
-149
4
135
213
291
359
326
237
172
89
16
-29
-60
-68
-53
24
137
172
133
87
42
18
50
98
91
27
-8
4
38
69
71
26
-21
-30
21
93
136
153
141
114
77
34
-10
-2
53
102
83
34
34
43
2
-74
-162
-236
-249
-198
-154
-138
-138
-150
-149
-124
-87
-39
2
-35
-66
-29
10
18
-39
-133
-155
-81
-7
-11
-37
-7
29
28
20
58
154
185
134
88
89
99
52
25
51
108
185
230
232
213
171
98
29
10
39
56
39
60
146
241
283
258
168
84
59
71
67
-11
-92
3
224
314
266
242
289
327
296
195
74
-17
-66
-75
-45
19
86
117
108
91
77
52
52
87
92
90
85
66
77
107
131
124
38
-22
-13
-18
-19
13
43
76
129
167
178
183
212
224
186
105
34
0
0
-6
-37
-34
27
114
181
178
130
118
154
172
119
1
-92
-131
-71
21
67
72
71
87
107
73
8
-51
-70
-25
27
60
76
151
258
276
194
85
-13
-52
-39
-4
3
32
106
166
157
112
80
34
-25
-29
1
-10
-55
-42
18
97
132
102
76
91
105
83
33
-8
-10
-4
-54
-77
-18
44
39
17
28
38
-5
-73
-73
-21
7
3
-2
61
163
202
182
156
137
80
1
-58
-74
-19
72
128
130
118
117
138
122
49
-42
-122
-119
-59
-40
-41
16
93
120
114
112
119
121
119
115
123
149
162
137
64
-33
-98
-99
-41
12
44
19
-59
-105
-41
74
114
90
98
136
161
177
186
167
114
45
-49
-110
-108
-78
-59
-42
-25
-10
-2
9
54
99
139
148
83
24
67
116
85
2
-46
-18
42
35
-40
-60
20
105
140
128
87
69
85
89
64
26
-8
-26
-38
-60
-43
17
40
11
-38
-98
4
113
173
183
177
182
201
204
192
146
59
-40
-116
-123
-75
-10
29
48
70
106
117
103
101
105
48
-25
-22
41
77
72
54
67
93
97
102
130
113
50
-29
-72
0
81
93
82
98
161
192
185
138
56
5
-5
8
16
-1
4
82
156
160
77
-40
-109
-69
52
128
122
91
64
82
146
180
160
137
93
27
13
50
72
49
-2
-29
-38
-54
-93
-75
0
42
39
38
71
73
35
-9
-43
-66
-104
-161
-198
-149
-36
28
7
-25
4
39
43
34
-6
-60
-30
59
118
108
56
-12
-28
-7
20
61
84
73
38
21
43
55
34
26
43
53
70
98
116
90
44
59
92
106
113
88
66
65
92
106
66
39
107
176
179
221
279
291
228
100
-9
-45
-58
-92
-98
-62
0
112
209
241
209
125
67
96
108
43
-34
-51
-4
71
128
132
92
36
-4
-4
16
24
45
99
147
181
178
130
59
-17
-98
-129
-39
55
93
144
216
260
229
145
53
-35
-97
-105
-38
40
67
54
51
48
37
56
87
81
89
122
125
121
132
134
86
3
-87
-132
-82
52
192
246
235
197
147
-9
-136
-152
-76
33
131
171
134
