-62
-17
100
172
156
124
128
140
138
123
101
68
26
-18
-53
-45
-20
-37
-74
-74
-4
117
178
171
184
214
210
171
134
99
57
-2
-84
-151
-151
-130
-83
-41
-33
4
96
194
253
276
266
236
179
106
55
-8
-100
-98
-21
55
103
116
101
68
54
83
131
139
85
20
22
86
161
205
195
130
65
28
8
23
21
16
10
53
144
194
163
99
84
109
140
132
52
-21
-29
-1
9
8
21
57
93
98
76
82
116
115
113
118
85
23
9
50
87
90
69
39
9
20
108
165
141
100
87
101
81
32
-13
0
64
60
-18
-74
-59
-2
75
184
225
161
123
153
182
152
68
-20
-98
-154
-118
-21
8
-33
-25
19
42
77
104
83
43
-3
-57
-81
-65
-35
-4
13
39
77
104
121
129
113
58
-4
-8
20
-5
-40
-4
56
52
26
52
83
118
168
180
129
70
85
161
172
108
85
82
59
70
69
23
-3
23
35
9
65
132
117
96
93
69
36
36
60
84
76
51
44
72
100
112
74
19
-6
-13
3
-8
-77
-90
21
150
164
113
84
104
153
183
151
72
8
-27
-38
-13
-20
-56
-68
-2
90
139
150
147
155
162
97
-3
-89
-129
-99
-52
-12
57
128
160
180
182
165
139
118
87
55
18
-37
-98
-88
-45
-43
-69
-29
52
133
196
217
187
113
36
20
4
-54
-77
-46
-9
59
132
155
162
165
178
123
69
19
-10
-7
5
12
28
21
-21
-11
81
149
185
195
160
91
56
83
119
101
-6
-107
-102
-18
55
114
161
187
185
167
138
92
67
55
27
-71
-151
-92
32
103
124
160
185
184
172
178
163
71
-26
-59
-42
-65
-121
-103
28
136
156
106
24
-25
3
64
82
33
-69
-114
-67
-39
-42
-22
16
33
4
-24
-20
24
119
155
77
-22
-65
-34
55
123
109
52
34
65
98
104
84
87
103
93
60
55
86
81
12
-61
-20
70
81
43
53
123
171
183
122
89
71
56
69
96
73
51
86
115
92
80
91
99
92
97
89
80
77
41
-12
-11
25
24
-40
-97
-116
-94
-38
-20
-54
-97
-135
-141
-71
0
-5
-54
-75
-57
-7
37
25
-33
-51
-21
6
22
33
18
11
70
140
149
108
86
108
144
135
98
56
33
48
106
147
117
66
76
146
195
177
104
42
42
113
167
83
-36
-42
25
103
156
161
108
81
83
98
105
105
66
45
83
96
59
25
25
34
36
72
87
34
9
51
105
151
135
84
70
67
64
90
72
36
59
102
112
100
103
103
67
11
6
74
144
137
107
105
113
135
169
118
-1
-76
-45
34
102
130
134
106
53
-1
-60
-99
-40
71
133
128
140
202
235
215
193
169
91
-9
-52
-21
21
33
-10
-102
-131
-52
13
-22
-28
65
178
210
188
188
226
241
198
132
72
25
-11
-65
-99
-61
-20
-33
-19
53
132
138
114
152
224
241
182
108
53
22
3
-6
-36
-104
-155
-74
80
157
163
201
264
276
229
146
70
17
-35
-73
-56
11
44
32
49
103
138
91
16
-19
-10
7
34
24
7
-7
-29
-3
67
118
108
85
85
87
108
56
-61
-105
-89
-72
-20
37
58
53
72
101
100
68
54
52
3
8
87
72
10
3
45
80
73
73
80
56
20
-7
-20
-17
-4
-5
12
52
80
102
117
90
28
32
77
99
102
90
51
13
1
-3
-11
-19
3
53
69
75
108
150
116
-13
-103
-68
4
21
-13
-26
7
71
152
196
154
85
86
152
167
80
-4
-24
-12
-39
-99
-138
-110
-42
19
102
196
219
179
116
70
88
112
83
7
-72
-103
-35
74
120
87
32
35
113
153
133
104
25
-57
-83
-25
38
38
26
32
49
98
148
184
181
140
85
38
11
9
-8
-69
-129
-120
-24
84
123
138
179
200
185
145
88
64
70
48
-1
2
50
58
12
-26
-9
56
114
145
140
112
86
65
-26
-131
-123
-8
22
119
204
230
194
136
99
60
16
-14
-67
-81
-12
24
-9
-25
8
32
20
45
96
100
82
82
103
92
25
-34
-87
-106
-50
60
132
129
115
151
164
120
87
53
6
8
70
97
67
66
92
97
80
68
86
96
53
32
40
7
-21
9
42
32
20
24
69
150
187
123
-4
-81
-49
12
53
107
130
71
48
67
73
55
49
26
-5
5
38
44
60
69
49
-4
-38
-19
48
123
186
208
183
154
147
149
104
16
-57
-90
-72
-33
-17
-23
-21
11
80
135
157
147
104
84
92
74
35
1
-27
-65
27
-6
10
48
67
57
9
-9
33
119
189
199
189
149
146
141
122
85
40
4
-12
-14
-5
10
-5
-38
-27
-33
-50
-24
66
155
189
164
140
165
176
153
106
66
73
72
24
-9
-25
-30
-53
-50
18
76
72
77
119
121
83
22
-22
-23
26
58
34
6
39
97
120
105
96
53
-25
-61
-60
-60
-71
-105
-120
-50
12
37
68
104
139
181
160
103
33
-25
-68
-99
-109
-91
-54
-25
21
116
218
248
189
115
69
45
34
35
29
39
54
20
18
75
112
91
84
103
139
132
65
26
86
154
132
41
10
68
115
103
72
54
37
43
69
65
26
6
29
42
11
-22
-73
-93
-27
97
192
188
146
102
82
90
75
22
-3
5
35
64
73
29
-36
-23
55
83
37
9
17
49
132
196
146
52
22
60
82
32
-38
-65
-17
72
132
113
58
22
42
102
112
65
-21
-109
-103
21
160
209
185
162
146
152
173
149
52
-38
-59
-66
-123
-141
-40
101
209
230
192
140
114
115
93
13
-40
-54
-5
108
193
192
145
96
19
-81
-180
-205
-151
-93
-50
-6
66
147
168
180
163
118
88
29
-29
-30
-17
-19
-10
34
130
193
147
89
87
93
66
11
-21
-11
10
3
-25
-24
11
70
133
161
152
163
169
131
71
27
-17
-37
-23
18
65
81
96
118
138
118
64
10
7
28
3
-78
-123
-55
80
136
93
52
108
216
246
152
24
-60
-84
-37
49
114
128
112
80
50
17
-19
-54
-56
-11
-3
-23
43
169
241
235
203
155
90
12
-81
-142
-170
-141
-93
-69
-3
106
209
297
356
329
250
199
120
-8
-137
-195
-155
-101
-73
-73
-38
83
199
240
216
176
139
98
36
0
-18
-109
-219
-172
-33
91
152
164
187
246
297
268
166
65
-11
-50
-73
-88
-78
-82
-85
69
102
77
58
98
167
133
-6
-124
-155
-54
108
188
172
152
169
193
188
153
83
16
-28
-37
-4
-5
-19
-53
-141
-150
-34
74
146
176
147
134
151
149
106
19
-58
-118
-118
-51
20
24
-61
-133
-34
128
195
173
137
133
114
58
21
10
-4
-1
5
1
-9
-23
-33
-9
10
6
26
83
116
140
183
187
138
81
35
-14
-76
-106
-37
76
150
147
122
118
125
163
161
89
23
6
-4
-33
-59
-46
39
118
103
58
90
141
137
108
103
91
90
90
66
9
-25
-6
55
93
73
39
35
-2
-35
21
135
146
3
-131
-124
-12
92
114
77
66
122
181
180
117
43
-34
-133
-174
-118
-2
116
162
140
144
154
146
149
154
85
19
16
-5
-55
-73
-2
93
132
112
90
81
58
28
-3
-35
-87
-131
-90
-14
73
151
163
112
68
71
85
56
-37
-100
-58
48
87
53
41
66
76
54
24
34
56
61
43
17
32
75
113
113
89
74
67
50
39
68
89
81
76
64
51
45
17
-25
-46
-23
41
116
148
98
35
35
90
156
161
103
34
28
92
136
118
87
42
1
3
0
-42
-78
-26
70
152
220
266
249
161
39
-3
1
-55
-129
-72
42
105
140
166
163
113
51
39
70
96
72
3
