-40
39
87
112
150
185
181
163
173
167
133
116
112
113
98
71
71
87
89
60
22
-14
-29
-10
34
90
89
50
74
152
202
204
148
99
82
66
75
123
146
133
120
119
118
112
84
19
-5
-57
-195
-237
-134
27
144
178
177
182
195
202
186
146
109
106
151
125
24
-38
-21
28
74
87
20
-4
108
242
233
112
-14
-67
-34
34
52
2
-18
65
179
182
89
4
-33
-9
70
128
99
58
64
53
38
58
18
-41
-3
83
100
83
75
58
7
-19
1
-4
-62
-98
-68
-23
33
91
117
137
168
154
101
112
150
128
57
13
0
-8
-24
-54
-70
-25
56
85
70
93
151
213
217
152
86
67
60
36
18
25
56
67
34
-33
-71
-53
-74
-135
-81
60
107
103
156
226
251
244
221
197
152
87
21
-26
-60
-97
-122
-109
-82
-106
-98
0
98
152
208
241
244
236
201
108
8
-33
-17
26
67
70
60
80
103
98
91
87
64
26
-1
-10
23
89
92
7
-50
16
146
201
171
150
152
82
50
40
-29
-136
-157
-98
-17
54
128
164
144
137
181
199
152
65
6
1
-23
-66
-105
-102
-39
32
88
121
117
118
156
217
226
149
34
-42
-43
-24
-25
-36
-10
33
74
114
148
176
192
195
180
180
165
128
90
83
68
37
11
-1
-20
-72
-125
-165
-188
-136
-40
35
68
67
60
68
80
102
124
124
59
12
56
90
29
-57
-66
-19
2
4
40
103
148
193
232
219
140
24
-45
-34
-2
-24
-56
-33
41
117
144
97
0
-118
-196
-153
-38
42
64
59
101
195
73
51
21
-5
21
81
97
38
-12
17
66
75
34
-24
-25
50
103
138
185
148
40
-3
29
75
59
-20
-67
-58
-43
-17
26
113
217
227
138
90
128
147
102
39
24
29
-10
-70
-59
18
70
59
43
20
67
183
241
197
137
116
96
44
-17
-37
-35
-52
-75
-74
-33
12
72
137
180
117
43
77
144
151
116
81
42
21
9
-8
-10
18
42
36
26
74
140
152
114
67
38
67
138
157
120
74
32
-4
-20
-19
-3
2
-23
1
92
151
135
58
6
39
86
42
-41
-51
24
81
70
68
83
48
-5
3
49
59
83
106
106
67
35
53
88
104
108
116
113
82
81
113
121
98
100
115
123
99
68
65
81
27
-50
-65
-39
-25
18
90
131
130
83
34
28
27
37
57
71
64
106
176
195
147
72
29
22
13
7
21
49
50
41
12
-36
-41
36
124
146
115
98
99
64
0
-25
-4
27
25
18
76
162
181
137
72
22
-6
-35
-56
-29
19
67
98
104
48
2
40
81
64
29
8
6
16
11
3
12
28
65
120
151
119
87
104
152
152
81
-22
-129
-125
11
122
91
4
7
108
182
153
81
36
16
4
-18
-39
-50
-99
-134
-50
117
197
150
118
168
235
251
180
58
-39
-113
-146
-146
-141
-90
-20
-2
-3
42
134
193
198
212
216
153
113
116
75
7
-17
-11
-12
-9
-18
-53
-37
17
49
82
113
140
172
166
138
107
72
25
-19
-60
-60
-11
59
112
100
43
-11
-23
-28
-69
-52
45
152
176
121
107
146
176
167
149
66
-21
-8
67
119
109
73
26
-3
-3
4
-1
1
12
18
1
4
41
67
70
61
61
96
105
56
24
29
23
-19
-60
-68
-68
-104
-133
-72
51
134
163
161
168
181
157
115
88
69
19
-10
11
37
16
-8
11
67
84
45
27
54
115
128
76
19
-20
-54
-62
-4
73
92
66
53
70
92
100
70
26
16
45
70
33
-17
0
43
58
7
-71
-69
27
128
145
72
20
71
156
157
122
119
115
67
8
2
57
70
11
-4
48
100
108
65
-3
5
107
184
172
109
76
108
156
134
26
-49
4
98
124
98
86
108
149
154
151
138
81
40
83
146
140
84
27
12
42
55
41
37
25
1
-5
-40
-92
-110
-75
-40
-9
69
154
189
210
214
176
91
42
50
49
40
39
42
57
71
73
35
-28
-35
1
24
42
61
69
82
104
92
70
38
37
40
35
64
136
168
125
87
76
39
-14
-41
-22
11
-4
-58
-118
-134
-39
100
182
212
217
203
203
213
192
104
1
-65
-67
-4
16
-70
-181
-203
-117
9
128
168
157
198
201
167
97
3
-89
-169
-200
-119
-12
-28
-113
-101
1
123
214
264
291
276
216
133
37
-60
-94
-53
-18
-17
26
118
179
115
72
52
16
-51
-65
-9
28
57
85
48
0
56
187
267
245
166
108
114
138
134
88
34
-3
-45
-97
-145
-149
-93
-28
4
36
87
109
80
85
123
137
121
44
-34
-19
71
125
87
37
34
44
56
76
105
147
161
130
70
13
-7
-30
-42
-21
9
12
-26
-68
-92
-83
-49
-23
-24
-3
39
81
104
147
201
218
155
42
-54
-72
8
67
61
91
161
187
140
92
64
64
72
61
22
-41
-77
-6
130
224
210
140
118
162
204
180
124
90
89
102
90
28
-18
-5
26
45
34
-12
-37
-9
55
113
113
76
40
34
58
53
-26
-69
0
88
89
49
49
83
104
130
140
136
118
64
16
-7
-45
-115
-125
-61
-30
-9
50
102
124
154
187
160
89
35
27
50
54
28
19
42
98
115
44
-26
-40
0
60
98
76
44
35
43
80
140
108
36
33
82
138
118
58
13
-22
-49
-74
-110
-94
-29
25
66
117
153
145
152
200
201
109
1
-66
-84
-71
-50
-36
5
85
130
145
134
75
50
57
21
-33
-53
-37
-49
-43
10
81
136
135
89
20
-53
-73
-36
5
33
55
51
66
106
118
83
11
-5
57
139
154
82
-33
-39
73
118
84
44
1
5
112
229
220
115
4
-45
-49
-1
101
163
123
73
83
100
89
97
114
54
-22
-53
-25
51
103
70
-18
-73
-42
42
134
129
12
-57
-26
27
64
42
7
26
74
57
35
93
181
213
196
128
27
-4
18
58
116
140
97
40
25
45
57
13
-69
-108
-73
-28
4
64
167
257
278
234
171
101
57
58
48
13
-77
-163
-82
52
42
3
82
179
210
202
173
123
50
-17
-75
-88
-43
-5
-1
-39
-68
16
193
264
173
85
70
70
40
-13
-36
1
55
69
54
64
72
44
-10
-50
-55
-21
27
100
180
201
153
66
27
56
33
-25
-6
91
182
185
81
-20
-24
13
36
57
70
72
69
39
4
16
36
54
105
144
114
52
59
123
164
109
-8
-37
50
148
164
105
26
-10
-13
23
114
137
104
93
132
124
51
10
18
36
53
51
2
-17
36
85
76
54
73
115
132
68
-24
-68
-35
9
39
66
108
148
168
168
108
10
-29
-27
-30
-38
-51
-46
2
49
-3
-137
-189
-88
55
139
121
53
18
22
23
-12
-42
-26
24
88
133
146
151
139
87
18
-61
-99
-51
6
33
74
135
176
184
172
149
123
83
41
34
12
-19
-26
6
65
73
19
-36
-81
-58
56
161
152
69
28
53
75
73
54
52
54
21
-20
-10
66
132
125
91
67
51
44
44
71
105
75
-3
-34
-7
51
122
150
136
144
167
178
162
137
104
80
56
-13
-115
-131
-8
115
92
11
10
57
59
-1
-34
17
38
-51
-129
-99
2
99
145
148
116
37
-28
24
150
166
57
-23
12
101
148
102
-2
-94
-142
-108
-27
20
44
75
124
169
193
193
150
101
87
75
55
48
73
124
160
119
19
-38
-7
41
70
101
106
70
69
135
193
168
102
21
-23
4
64
92
116
128
118
138
172
135
88
89
115
102
28
-74
-107
-13
73
59
1
-26
3
83
166
201
148
38
-11
