23
56
51
70
108
133
154
156
99
29
1
-3
-5
-21
-30
-9
8
-9
-24
-3
45
64
57
82
108
103
97
133
130
25
-62
-50
12
81
130
112
32
-2
69
153
113
3
-29
-24
-23
18
91
121
91
83
98
85
58
74
76
23
28
101
136
108
77
92
123
113
42
8
51
100
116
115
113
120
112
85
73
87
97
83
44
13
20
28
-11
-57
-23
64
119
118
96
87
98
106
97
37
-37
-38
4
12
-25
-57
-60
-17
65
117
98
60
90
166
96
19
21
73
109
97
65
58
55
27
29
32
13
-20
-94
-13
75
107
92
76
98
123
113
92
68
17
-81
-145
-139
-75
5
86
138
131
106
123
164
197
183
114
43
20
49
76
48
-10
-46
-38
2
-3
-69
-107
-89
-55
-14
0
-27
-33
8
49
61
69
82
72
54
59
56
21
-42
-108
-134
-69
19
-4
-99
-123
-43
54
128
169
184
165
117
99
129
128
53
-91
-203
-180
-53
23
25
21
43
68
87
84
60
60
74
69
38
16
0
-34
-58
-87
-124
-141
-87
12
70
48
7
-3
-9
-5
11
5
-66
-151
-217
-245
-193
-81
6
21
13
41
106
163
177
148
85
35
16
33
36
-13
-25
9
3
-1
70
185
291
322
267
228
226
188
108
61
45
0
-49
-34
28
103
151
153
107
113
198
274
267
210
177
178
163
121
74
35
16
6
27
59
83
121
129
99
97
168
221
209
178
156
160
160
114
91
131
147
80
8
-3
80
169
165
120
119
124
100
99
134
154
118
50
34
68
74
67
97
157
173
106
57
43
26
20
22
25
56
84
99
106
93
49
-9
38
76
72
97
139
152
138
165
210
209
135
64
61
100
76
-29
-141
-184
-125
-18
36
86
148
196
226
210
145
34
-83
-147
-170
-122
-19
76
147
153
122
101
88
40
-4
-17
-60
-130
-152
-72
37
117
149
141
136
145
121
75
32
-10
-22
-19
-26
3
84
113
49
-19
-54
-37
-17
-24
-40
-7
39
88
131
140
114
55
11
12
53
69
51
57
90
99
88
105
139
148
117
81
90
92
32
-52
-97
-91
-34
52
91
97
103
87
35
23
41
24
1
13
81
148
180
168
124
71
23
-3
-59
-97
-61
-25
8
55
69
70
90
128
129
116
109
90
29
-34
-57
-43
-51
-71
-57
7
35
88
147
153
137
103
58
-2
-67
-50
45
91
37
7
66
155
171
102
27
40
101
93
40
37
66
81
91
120
132
75
-13
130
121
49
-6
-1
27
26
200
230
172
144
198
232
171
84
23
-10
-25
-34
-25
22
101
137
104
48
4
23
84
105
70
34
22
1
-35
-34
24
101
154
123
35
1
28
28
-11
-21
32
66
72
102
107
89
61
17
0
11
1
-24
20
129
145
64
42
57
45
21
36
98
123
88
54
60
98
120
91
36
-17
-42
-3
58
85
72
27
-30
-69
-61
-17
70
134
147
139
144
160
186
220
194
105
-11
-85
-89
-58
16
64
39
-17
-8
52
90
86
76
83
91
76
58
68
29
-46
-51
11
68
86
122
177
196
165
131
119
87
43
19
-2
-18
-35
-19
32
74
92
91
68
18
16
103
196
188
83
-7
-1
61
96
92
60
-11
-66
-43
-49
-61
-10
39
69
88
88
83
83
101
100
67
-3
-58
-29
25
45
58
56
73
88
35
-30
-57
-67
-52
-2
48
53
84
152
186
156
103
48
0
-2
9
-11
-51
-67
-40
32
97
112
88
53
17
28
75
52
-43
-113
-77
1
70
120
140
145
169
198
150
61
22
42
43
-5
-35
-19
-6
-11
2
66
131
134
82
51
75
91
49
-42
-120
-109
-57
-52
-46
11
81
124
154
144
112
68
11
9
1
-39
-43
-25
-18
-21
11
73
114
108
120
150
149
121
82
26
-19
-36
-39
-35
6
68
89
49
9
49
132
161
140
136
166
177
131
80
85
97
58
9
1
26
69
106
139
123
55
33
58
66
64
88
107
98
61
50
21
-12
-35
-34
5
86
149
166
146
102
80
103
130
105
48
-28
-69
-40
1
-7
-75
-150
-173
-138
-67
17
96
163
213
251
274
230
128
35
-4
18
59
58
50
69
65
16
-29
-27
36
101
120
116
114
137
177
156
56
-35
-54
-27
-11
-18
-36
-35
6
34
21
-18
-14
42
112
154
167
141
105
87
69
55
36
-11
-78
-66
27
133
201
195
160
156
193
220
195
105
16
-49
-100
-98
-56
-19
20
33
58
129
184
160
88
83
106
67
26
64
105
114
114
112
87
18
-74
-68
18
89
100
91
108
103
102
128
125
70
2
-24
-8
-1
11
11
-22
-94
-66
92
198
186
140
123
133
152
164
124
69
34
20
21
-25
-137
-237
-236
-108
32
104
106
115
155
187
155
69
1
-39
-92
-135
-74
34
69
2
-88
-108
-100
-83
-50
-40
-40
-28
-33
-57
-90
-113
-134
-164
-156
-119
-109
-115
-94
-76
-113
-185
-206
-167
-115
-61
-18
-8
-45
-70
-56
-49
-73
-135
-183
-186
-166
-137
-110
-53
16
26
40
74
69
40
37
-6
-122
-229
-258
-188
-84
-5
64
129
151
121
74
40
35
6
-52
-102
-92
-29
2
-23
-49
-24
8
3
-7
24
67
76
48
-4
-76
-97
-50
-18
-42
-84
-60
44
177
234
203
130
74
49
24
21
64
115
136
120
91
66
44
21
-25
-43
3
25
6
23
90
100
-6
-90
-40
72
150
155
109
53
50
92
130
128
86
66
89
113
88
12
-21
49
102
59
29
75
125
132
137
165
160
107
35
-21
-11
38
80
32
-36
-12
71
145
177
173
156
115
72
50
22
2
5
59
121
139
91
16
-2
24
53
80
100
133
203
267
259
180
108
60
35
34
40
52
106
189
227
165
55
10
39
86
106
104
96
65
33
19
20
52
121
194
195
139
88
56
66
103
101
42
-49
-102
-56
28
59
20
-25
-35
-25
-28
-2
88
149
150
137
137
144
161
178
136
56
-13
-45
-13
59
100
103
121
138
153
180
167
114
80
83
64
4
-18
3
-9
-53
-34
53
121
129
99
103
164
218
233
199
131
44
-5
25
76
57
17
23
29
7
33
108
149
116
45
-4
3
45
103
166
151
81
72
133
183
132
105
76
40
59
128
176
156
77
39
57
69
66
34
8
36
58
49
39
67
98
106
102
66
2
-1
88
172
182
139
106
88
77
52
11
16
51
44
36
57
57
28
33
40
11
-5
51
133
177
163
120
112
118
72
-29
-118
-129
-100
-6
106
149
106
58
66
89
91
85
77
75
72
86
97
65
24
38
35
-39
-93
-41
86
182
187
131
101
140
188
196
123
37
6
11
10
6
16
39
102
171
184
163
148
113
35
-22
-23
3
26
25
17
34
77
114
140
122
73
54
73
43
-23
4
92
88
5
-9
37
107
171
225
245
236
217
194
138
48
1
19
32
-14
-81
-98
-37
53
118
146
196
204
234
267
279
268
257
246
240
226
176
130
168
225
213
169
155
160
166
214
257
274
232
160
105
87
101
122
132
117
82
70
89
76
20
-12
-24
-37
-27
8
49
66
44
16
24
85
139
130
54
-52
-140
-147
-54
34
48
42
56
60
114
208
265
245
192
163
180
187
154
131
151
197
131
148
172
189
229
246
231
228
257
268
266
275
315
314
275
268
288
264
58
21
87
182
183
160
208
277
316
329
306
259
205
172
149
134
137
113
74
83
93
92
150
201
161
