259
187
96
-12
-77
-26
27
-20
-90
-66
-9
22
49
59
43
50
108
131
80
75
131
129
49
-18
-17
40
116
134
87
48
16
-2
21
76
114
88
41
68
114
81
38
34
43
59
69
66
54
18
-39
-69
-83
-124
-153
-89
35
90
75
73
123
163
135
92
52
6
-30
-28
7
33
43
56
72
48
0
13
74
104
86
53
35
34
33
9
-22
-33
-28
-49
-71
-36
52
121
90
-3
-26
58
188
260
208
108
87
147
197
128
-7
-102
-139
-136
-54
49
82
86
131
199
232
214
167
119
93
96
73
11
-51
-73
-89
-101
-77
-27
8
-1
3
64
145
232
284
268
204
130
76
56
51
53
74
82
77
128
197
232
208
129
112
171
224
224
188
176
217
243
197
117
40
9
83
225
352
393
418
481
497
388
262
201
131
70
132
230
259
248
259
273
274
235
188
154
177
189
130
18
-50
-34
-7
-7
-14
-2
23
34
49
33
6
32
42
-30
-139
-172
-113
-8
45
13
-36
-58
-117
-173
-148
-114
-122
-154
-165
-184
-216
-203
-195
-193
-134
-45
-2
1
21
57
49
-4
-42
-98
-167
-196
-150
-82
-66
-99
-149
-200
-203
-137
-91
-133
-189
-165
-45
48
58
41
36
33
18
8
1
-21
-60
-116
-138
-174
-231
-203
-71
70
119
98
77
81
81
21
-82
-101
-76
-109
-164
-165
-52
101
183
186
166
137
115
133
125
50
-29
-90
-122
-90
-14
42
70
74
92
113
100
97
104
92
38
-25
-18
9
-20
-92
-106
-17
-19
37
163
246
204
107
58
5
-91
-154
-172
-134
1
120
167
186
232
289
295
256
172
72
3
-18
-45
-91
-105
-93
-93
-61
-9
10
52
150
251
291
241
130
103
90
67
25
9
25
76
136
160
129
67
76
112
91
50
37
26
11
36
96
148
167
155
133
121
129
147
164
156
102
49
28
22
-14
-11
71
129
99
58
68
124
199
224
106
59
51
73
103
118
92
60
59
40
13
55
123
115
87
107
140
140
113
117
152
163
157
136
58
4
23
59
48
-25
-68
-23
54
103
103
103
136
167
109
22
1
56
107
99
81
83
40
-34
-83
-81
-39
-26
-25
23
100
178
251
275
237
194
148
76
-3
-28
-11
-21
-38
0
24
6
39
117
139
107
82
90
71
55
82
92
43
-30
-89
-88
-58
-28
35
105
133
125
129
147
165
155
101
6
-82
-135
-98
-23
-7
-7
70
156
150
80
39
40
32
6
-3
-1
1
-23
-21
37
75
56
24
8
4
-49
-123
-110
-12
67
119
140
108
85
91
85
84
57
0
-41
-17
44
102
103
89
101
77
9
-25
-3
39
28
-7
4
7
-26
-36
7
69
114
139
146
164
173
149
115
103
70
-9
-52
-20
18
28
52
113
154
160
161
140
128
144
132
34
-52
-57
-25
-13
-21
-18
-11
3
55
112
116
90
102
138
135
102
65
-2
-68
-119
-141
-113
-50
22
52
48
68
86
80
58
51
33
-5
-19
-7
-25
-24
17
50
68
73
66
44
44
58
57
42
6
-51
-94
-90
-66
12
147
226
192
121
118
132
104
73
53
35
32
64
103
150
225
263
215
130
90
88
81
36
-39
-73
-54
0
58
81
80
119
202
283
253
119
-9
-75
-45
32
82
71
58
83
114
77
23
59
117
136
98
49
43
100
187
230
195
137
101
106
138
166
155
44
-91
-98
-18
-8
-33
33
150
228
188
80
20
54
128
139
87
36
44
87
66
6
-41
-54
-25
21
57
41
2
21
68
97
67
35
42
22
20
98
184
200
147
81
50
51
32
-38
-83
-33
38
27
-36
-41
21
93
121
103
100
102
81
49
2
13
55
41
7
17
68
123
131
81
16
-2
70
146
133
71
55
82
69
51
65
59
26
45
99
92
39
-18
-36
-9
-6
-6
19
66
106
165
228
209
105
-4
-61
-55
-33
-19
-17
17
97
163
163
128
68
-4
-39
-33
-13
9
26
53
92
123
144
155
133
90
60
26
-14
-36
-28
-38
-62
-53
-30
3
76
112
96
101
135
161
135
58
-38
-71
-11
84
132
90
44
70
151
51
-20
-56
-60
-20
21
27
18
58
132
179
212
184
104
9
-82
-139
-122
-55
23
73
74
77
117
166
162
116
76
33
-17
-38
-22
18
57
84
70
25
19
43
75
103
96
56
66
51
-6
2
53
53
34
45
58
85
148
162
104
54
49
42
25
19
39
50
38
34
41
68
91
87
67
3
-42
33
156
203
166
121
90
69
64
37
-36
-100
-130
-129
-39
106
218
235
133
154
164
118
59
57
43
9
33
41
2
1
61
118
118
85
67
76
65
50
50
11
-30
-7
49
37
-2
-30
-1
58
93
92
82
68
7
-54
-50
2
36
16
-27
-21
64
148
132
52
4
6
41
29
-20
-55
-27
38
70
59
49
69
113
125
123
130
106
84
65
-4
-87
-117
-87
-29
9
-8
-45
-38
-14
11
59
97
99
66
27
16
37
55
41
27
43
34
-24
-54
-6
7
-40
-33
25
48
37
26
64
134
156
117
39
-6
-12
-17
-25
-19
28
106
119
45
28
101
179
192
133
43
-3
-7
4
9
-9
-65
-39
11
59
107
162
198
202
214
213
148
50
-23
-73
-138
-197
-173
-82
27
119
148
146
165
200
183
106
21
-72
-169
-231
-231
-151
-49
-67
-164
-181
-97
-24
-22
-53
-89
-104
-102
-108
-137
-148
-110
-98
-135
-151
-122
-88
-87
-83
-60
-65
-94
-116
-100
-59
18
72
50
-38
-88
-49
-26
-57
-84
-85
-36
51
107
70
-33
-94
-78
-28
7
28
88
149
154
152
168
147
61
-52
-102
-41
33
6
-9
51
266
283
273
214
104
51
57
41
-4
-45
-81
-8
160
249
262
263
272
281
257
184
120
71
17
-29
-71
-66
6
58
85
112
164
217
125
45
96
171
163
101
71
84
113
115
74
26
-5
7
107
228
249
177
122
106
118
91
4
-43
-5
132
281
290
169
84
66
60
107
165
192
150
68
19
87
204
250
219
140
86
86
96
116
137
155
199
218
123
-50
-125
-35
193
324
244
116
103
184
260
296
235
84
-68
-141
-129
-60
21
85
117
129
105
98
114
93
76
61
114
215
258
213
193
193
198
231
210
107
56
72
97
135
151
179
227
257
235
178
74
2
86
179
140
67
26
10
1
12
67
138
139
107
124
194
231
172
80
37
11
-13
0
37
42
55
96
97
52
72
163
178
108
56
48
42
45
48
60
103
150
119
58
98
156
137
35
-28
-10
26
26
7
-19
-73
-92
-42
38
99
113
106
118
90
20
20
51
64
65
83
120
131
100
88
82
27
-50
-87
-59
-10
68
134
139
156
204
212
139
28
-42
-65
-74
-91
-75
-3
74
109
113
88
90
115
103
40
-67
-123
-125
-126
-115
-34
60
106
99
75
75
119
122
57
-22
-77
-61
10
40
22
35
69
55
40
27
24
41
61
68
80
65
-1
-103
-187
-181
-71
67
161
160
123
136
180
73
-39
-72
-50
-50
-43
-5
56
96
67
34
39
58
68
84
76
25
-17
-57
-102
-92
-74
-68
-12
60
77
61
97
179
219
151
25
-43
-9
50
44
4
16
72
105
88
102
154
171
135
96
70
51
24
-12
-56
-100
-88
18
-4
-50
-10
96
176
132
86
71
100
135
182
192
108
39
36
44
34
23
3
-39
-70
-59
-35
12
64
75
106
144
146
128
100
80
67
91
163
208
121
-11
-18
76
115
74
45
71
93
104
116
99
70
39
-12
-77
-102
