54
-83
-146
-115
-70
-51
-8
116
244
300
309
296
242
123
21
-40
-119
-202
-230
-168
-57
58
124
133
147
160
132
89
56
33
38
65
57
49
73
75
29
-35
-75
-50
-25
-17
37
115
180
188
138
103
68
20
-7
-40
-62
-38
10
23
23
26
45
73
74
82
118
118
76
57
70
49
-25
-82
-65
33
116
83
4
16
107
140
80
26
23
49
60
21
-41
-37
54
125
122
81
24
-5
6
49
27
-62
-104
-67
-8
60
139
177
155
83
-27
-90
-40
80
145
116
72
54
72
118
128
54
-50
-126
-101
-2
41
33
9
5
28
59
91
122
124
104
61
20
-9
-57
-115
-106
-4
104
140
92
82
108
103
54
-4
-36
-25
27
106
177
184
164
168
180
167
128
51
-56
-135
-106
-18
35
36
-3
-85
-124
-71
-10
6
19
82
182
245
263
277
261
197
112
6
-82
-125
-98
-11
59
98
43
-101
-183
-130
-38
12
64
124
184
214
188
133
129
133
69
-67
-161
-125
-9
100
141
130
104
91
83
76
84
84
51
16
-37
-70
-36
49
112
98
83
105
107
29
34
39
44
59
97
140
166
152
134
139
135
137
141
130
102
75
6
-71
-78
-75
-94
-70
38
169
243
194
107
100
122
77
-14
-72
-38
33
60
49
36
72
103
100
106
100
56
55
97
109
86
40
2
7
41
29
-4
-12
-25
-55
-49
2
66
114
128
125
144
166
134
50
-22
-130
-101
-3
81
98
137
209
225
198
144
80
68
73
40
11
22
54
57
28
10
23
41
60
72
68
87
73
18
1
38
92
117
83
32
32
67
86
96
49
-19
-2
49
59
97
123
83
32
20
49
87
65
6
-5
42
86
87
36
12
66
114
104
81
81
56
6
4
52
84
82
83
88
75
44
1
-29
-37
6
68
92
90
82
89
108
96
38
-34
-90
-123
-113
-25
106
197
183
134
133
156
169
167
131
33
-104
-164
-57
92
167
167
157
199
292
331
272
177
97
36
-8
-39
-73
-142
-194
-145
-13
54
65
106
215
307
268
157
60
32
50
36
-3
19
76
71
29
48
89
68
19
34
80
89
49
17
71
141
161
122
48
28
117
204
201
120
1
-100
-107
-41
23
45
34
17
50
147
225
228
183
150
129
75
21
6
20
17
-5
-20
-34
-41
-40
-40
-60
-76
-39
36
101
137
105
72
97
76
-1
-40
-39
-24
-19
-4
9
36
97
137
132
80
75
148
179
144
74
9
-10
-3
0
-22
-54
-45
0
24
51
60
60
65
91
133
120
29
-50
-39
9
1
-25
-6
-1
-29
-27
28
96
109
90
64
52
86
151
164
82
-8
-82
-136
-139
-92
-19
25
16
-39
-62
9
121
148
58
-25
-12
54
124
164
181
149
67
-1
-30
-10
56
120
123
85
49
54
113
161
162
137
91
36
1
-8
6
-6
-78
-161
-195
-136
13
138
183
213
226
193
138
113
84
11
-28
33
104
117
57
0
-6
17
68
124
135
100
42
16
28
52
51
39
28
22
0
12
90
168
187
172
147
101
54
25
7
-7
-40
-56
-29
21
65
82
80
101
164
135
-5
-49
42
150
200
186
154
146
149
119
59
21
18
21
18
49
70
57
43
-1
-38
-24
12
49
83
108
133
176
147
54
28
32
-14
-71
-88
-60
-57
-97
-92
-6
92
132
138
154
183
179
101
-1
-68
-60
-30
-37
-34
32
114
168
161
121
76
22
-10
-9
-1
11
-11
-43
-20
76
168
193
176
157
134
89
6
-77
-73
6
33
4
-20
-30
-58
-89
-50
22
65
58
-3
-59
-24
89
185
188
131
55
32
42
64
43
4
-3
20
32
12
21
112
177
165
112
77
86
89
83
86
91
133
164
145
113
77
64
58
44
-38
-179
-213
-116
-40
-24
3
25
13
41
107
154
148
89
36
41
100
137
89
12
0
39
61
44
20
24
74
114
104
40
-7
16
99
161
144
65
-4
-13
-8
-49
-78
-60
-27
52
161
180
116
108
163
186
138
61
18
-13
-24
-11
-27
-58
-41
43
128
193
226
205
130
60
32
32
53
25
-23
-51
6
121
147
44
-34
-7
71
123
105
76
73
90
123
138
115
77
53
66
115
97
8
-75
-153
-141
0
132
138
96
88
134
181
140
87
117
134
118
120
148
103
-2
-33
-24
-58
-52
6
81
134
150
145
105
49
41
88
162
184
108
26
4
-5
-25
-43
-45
-21
60
139
153
134
84
-1
-59
-28
20
-17
-65
-13
43
71
124
172
171
107
49
74
137
171
171
118
22
-43
-2
61
69
29
48
27
8
73
118
74
17
-57
-68
-7
98
152
113
66
80
149
139
7
-103
-131
-132
-100
-23
57
86
82
89
57
5
21
107
139
116
112
133
167
162
65
-46
-102
-154
-181
-98
54
152
147
98
129
212
248
169
51
5
69
116
77
32
21
3
-27
-36
17
58
33
34
67
92
106
57
-56
-121
-70
29
91
90
75
102
124
66
41
107
134
48
-27
-28
16
33
-3
-25
-19
39
90
93
82
102
136
132
87
37
16
16
-3
-20
3
7
-10
-14
-41
-85
-78
4
134
224
235
214
227
209
93
-12
-53
-61
-65
-51
-7
34
40
45
86
89
20
-33
6
89
121
118
100
65
56
55
48
21
-7
-12
-14
-22
11
16
-34
118
119
107
105
101
23
-104
-113
-18
51
82
103
105
80
75
129
208
230
147
40
-12
5
70
136
192
231
233
177
116
74
53
22
-55
-99
188
241
262
317
328
233
73
-34
-34
35
74
50
-2
-29
-14
23
34
-35
-50
4
68
134
176
172
128
61
35
43
81
113
100
72
72
58
24
9
-37
-98
-65
0
20
-21
-56
-10
12
26
81
137
146
153
212
188
67
-12
32
99
35
-100
-183
-114
32
72
68
148
219
212
150
86
41
9
-2
32
40
-17
-40
37
73
-11
-132
-190
-214
-199
-74
83
182
245
312
353
305
182
76
37
37
-19
-88
-84
-12
58
85
33
2
40
92
118
161
200
161
61
0
-27
-76
-136
-149
-66
64
166
205
209
234
156
48
-29
7
40
26
2
24
57
56
44
71
112
139
123
61
27
12
-34
-90
-110
-53
81
218
295
309
304
264
201
129
41
-56
-113
-99
-107
-165
-170
-70
86
221
266
218
152
113
105
120
115
70
33
11
-5
-4
67
124
103
71
67
55
33
23
45
96
108
72
23
19
29
50
91
125
114
77
57
34
-13
-40
-33
-34
-52
-82
-58
12
39
58
120
183
183
132
38
-53
-58
2
67
86
66
18
10
38
58
56
48
43
50
58
37
2
17
16
1
40
84
82
28
37
107
128
113
106
66
21
11
45
90
128
119
58
4
10
65
116
132
141
160
154
116
42
-34
-72
-81
-87
-122
-122
-41
38
76
128
198
228
195
137
90
35
-24
-66
-101
-100
-65
-42
-3
58
133
198
246
233
180
140
140
134
93
29
-21
-36
-24
-36
-165
-217
-135
29
133
156
177
195
185
160
130
109
72
26
-4
-58
-107
-52
55
116
89
23
-21
2
37
22
-2
36
121
165
120
65
67
99
38
-68
-101
-103
-103
-38
93
215
272
250
199
164
118
61
12
22
53
57
51
71
112
120
100
82
99
106
57
0
-21
-23
-38
-90
-114
-88
-52
1
92
179
195
154
90
59
88
85
12
-59
-99
-126
-114
3
124
168
137
107
125
128
68
-26
-92
-41
103
169
102
38
43
51
25
2
-1
-4
5
49
89
105
85
35
-11
35
42
38
69
88
85
98
121
