113
56
-18
-70
122
133
119
109
56
3
7
25
11
-28
-57
-7
49
43
64
118
146
117
68
32
3
-25
-55
-93
-118
-94
-33
19
37
34
34
58
70
88
89
12
-41
33
145
171
119
51
-11
-65
-75
-39
36
66
28
10
39
65
91
109
53
-27
-67
-58
5
100
165
193
197
196
181
151
116
76
41
-20
-108
-101
52
164
124
55
44
80
116
97
54
43
48
44
50
75
90
54
18
35
60
26
-46
-23
99
181
176
128
72
52
88
113
77
51
72
74
11
58
134
137
104
75
69
72
75
57
55
100
136
99
50
68
122
117
59
13
-24
-67
-57
33
133
176
162
131
83
10
-34
-14
7
-55
-134
-131
-56
20
48
36
33
70
136
178
160
102
43
17
36
61
38
-14
-21
-4
1
64
129
119
92
87
58
9
-26
-3
87
167
193
134
67
67
92
85
16
-50
-62
-52
-36
-12
33
71
84
105
113
80
51
24
-6
5
28
-7
-50
-24
43
101
120
139
184
185
140
75
52
21
-24
-20
-1
-22
-33
-4
4
2
16
21
32
58
87
114
119
68
8
27
75
73
40
23
1
-51
-74
-29
42
71
84
101
108
130
163
187
146
50
-12
-37
-42
-13
6
-18
-23
34
99
104
101
131
184
139
69
28
12
-8
25
112
154
129
52
-7
6
54
74
44
21
41
96
153
188
165
116
73
40
51
67
44
22
25
33
-4
-99
-117
-3
118
185
221
244
256
264
228
125
25
-9
-23
-43
-54
-62
-59
-18
4
-7
-7
20
83
163
205
197
141
100
49
36
24
-1
-1
17
42
55
64
85
92
73
52
66
89
67
-2
-19
25
65
66
65
32
-4
7
36
2
-68
-68
7
76
98
88
75
75
82
52
3
-19
25
90
81
50
51
40
3
-23
-3
39
37
33
70
85
93
140
161
133
100
73
41
10
-14
-35
-10
26
40
42
66
84
88
107
123
87
43
26
-7
-37
22
80
71
44
18
22
54
69
69
72
76
83
82
58
59
66
42
-20
-91
-97
-59
-24
24
74
99
151
242
316
329
248
118
25
40
112
120
56
-20
-54
-38
9
42
25
20
52
69
80
92
96
81
57
51
59
56
64
101
130
107
55
20
26
72
103
58
-27
-82
-59
-37
-29
-9
-6
-6
1
21
92
150
129
89
83
77
49
18
9
33
61
80
68
44
16
-19
-3
40
77
108
125
104
74
81
116
112
73
56
44
23
6
8
36
83
128
156
135
53
-24
-8
54
75
76
41
-40
-116
-123
-75
-2
52
41
29
67
88
101
134
155
114
44
37
65
70
57
59
93
109
72
-10
-68
-43
13
74
85
50
9
8
49
98
100
65
53
73
90
99
89
52
7
-1
51
92
52
-39
-81
-61
-4
89
154
132
65
6
-4
33
66
64
54
64
67
80
80
54
22
-2
-19
-41
-55
-37
17
90
134
92
10
-19
3
69
105
56
-3
-1
-4
-57
-65
-30
-2
50
139
212
241
263
241
130
18
2
26
-3
-51
-52
-24
5
38
43
34
37
67
93
84
72
89
99
101
88
44
12
3
9
20
43
75
91
85
74
75
69
38
2
-7
23
57
57
40
56
89
105
106
101
123
120
57
8
-7
-22
-21
-14
-23
-24
-9
42
96
81
22
-6
21
32
0
-27
-4
50
113
202
202
173
157
172
147
76
5
-34
-77
-149
-171
-114
-3
101
201
261
257
203
153
146
121
37
-70
-153
-171
-121
-25
66
124
154
152
165
193
171
106
53
38
29
33
33
2
-40
-49
-20
11
-8
-41
-11
26
77
155
201
112
88
112
124
102
96
119
161
154
115
87
80
60
21
-11
-42
-91
-108
-20
136
227
214
160
108
86
80
50
-14
-52
-33
-21
-49
-42
0
19
35
58
75
59
67
105
139
138
44
-70
-99
-27
68
123
137
133
139
138
97
27
-39
-74
-74
-91
-105
-41
38
69
97
149
150
118
114
105
69
26
3
9
44
76
72
43
28
51
56
32
50
85
73
28
-26
-72
-97
-5
114
168
151
134
151
165
131
54
-19
-62
-93
-101
-49
49
104
68
38
83
103
49
5
2
-3
-8
7
-6
-93
-158
-89
36
103
121
129
155
200
232
218
156
84
-10
-134
-220
-200
-83
50
105
103
136
213
259
203
117
48
-18
-58
-39
2
35
76
109
104
105
124
103
37
-25
-65
-62
-20
25
77
105
99
115
165
204
155
53
-6
-25
-33
-41
-11
96
173
169
162
199
220
101
88
69
8
-24
2
60
96
54
4
27
104
137
116
100
74
16
-1
20
18
-2
-28
-60
-98
-108
-37
96
176
141
67
39
67
86
104
109
92
33
-17
1
59
74
26
20
76
106
106
108
73
22
20
86
122
60
18
42
58
28
0
6
27
27
1
-24
19
87
103
102
90
61
52
59
59
52
44
34
10
11
32
43
68
90
83
55
41
58
77
76
60
75
129
147
103
74
97
116
75
12
10
34
18
-2
-12
-4
68
116
86
40
49
89
73
-11
-76
-34
69
116
124
147
186
199
192
148
77
60
91
101
55
-27
-103
-106
-67
-7
49
51
39
91
156
120
54
35
50
59
67
75
84
82
48
4
-21
-39
-17
55
120
116
90
116
122
98
55
-29
-130
-137
-11
118
165
148
122
96
73
69
41
-2
-35
-43
-4
28
26
22
58
121
145
116
82
64
98
141
149
97
-23
-168
-222
-130
-6
68
105
130
152
180
193
179
145
75
-17
-49
1
81
96
6
-72
-54
-4
-4
-45
-41
55
179
242
214
131
39
-23
-75
-60
19
85
91
48
28
69
105
104
80
54
38
59
106
133
146
104
20
-53
-116
-164
-122
-10
69
82
92
140
195
201
155
113
112
75
-9
-77
-61
-5
9
2
11
53
97
112
117
100
60
44
59
27
-24
-20
32
56
52
42
68
154
221
219
196
166
135
101
35
-23
-60
-103
-126
-106
-22
86
165
200
202
172
147
136
120
77
26
-13
-53
-94
-158
-149
-33
112
197
212
212
182
115
9
-68
-87
-66
-1
85
148
133
37
-52
-66
-49
-46
40
72
80
88
82
44
22
-6
-59
-38
69
121
76
2
-20
13
68
107
121
104
105
122
140
139
102
58
48
27
-19
16
28
26
36
60
71
75
89
113
124
106
97
114
104
16
-73
-59
25
60
7
-24
28
129
156
129
114
107
55
-30
-60
-38
11
68
119
154
162
149
141
138
91
23
6
26
36
35
59
96
66
-14
-33
12
50
43
-1
4
51
71
96
103
52
27
81
154
178
130
66
72
104
64
-2
-26
-1
39
57
50
49
85
106
93
81
83
87
52
-6
-4
42
35
-10
10
91
135
109
53
21
-9
-57
-72
-46
5
83
156
177
177
195
200
193
156
102
50
-8
-73
-90
-60
-34
-123
-3
181
291
293
246
212
192
154
44
-51
-49
7
66
82
41
1
8
35
9
-93
-133
-53
0
6
58
154
181
135
88
74
82
88
77
39
2
-21
-39
-50
6
100
136
135
146
168
196
193
139
56
-36
-70
-53
-22
5
28
61
81
60
50
73
113
104
39
-10
12
41
36
-5
-51
-66
-40
5
72
115
92
60
60
85
80
6
-37
32
107
98
52
58
101
133
123
69
7
-43
-50
5
53
85
102
121
157
180
161
129
116
124
130
103
43
-9
6
56
49
-9
-40
-10
6
19
50
100
150
169
117
39
34
57
38
12
22
17
22
57
100
113
86
68
69
41
-3
-10
35
87
