40
57
26
-3
-13
-1
25
32
53
117
167
168
138
90
50
22
-8
-37
-37
-17
-17
-6
21
50
69
71
44
2
25
74
69
70
113
147
145
121
103
99
102
115
107
72
10
-62
-71
16
99
73
17
29
76
100
85
69
85
91
61
39
34
43
59
36
-8
0
53
65
19
2
83
149
118
43
6
7
0
-11
17
55
72
67
26
5
8
9
70
121
98
60
55
81
114
107
75
57
43
24
-26
-67
-14
72
109
103
75
56
68
134
169
122
43
2
-1
-5
-4
21
75
115
102
71
43
-2
-54
-65
-3
82
101
96
96
86
70
100
150
165
140
104
90
83
82
85
83
91
105
108
65
-5
-20
39
124
161
104
18
-6
25
44
41
54
36
-10
-9
41
118
183
166
71
-18
-29
-20
-39
-54
-33
-17
9
90
147
138
165
220
181
59
-5
27
69
66
29
-36
-97
-71
17
101
148
150
122
104
98
75
50
28
16
8
-19
-55
-29
54
144
182
166
151
136
84
68
106
112
40
9
58
105
123
139
118
65
65
102
87
12
-25
-13
-41
-77
-77
-65
-50
-14
61
134
168
185
192
165
114
65
34
-2
-50
-62
-52
-36
13
61
76
97
119
102
42
24
96
160
113
4
-57
-53
0
48
54
28
-37
-113
-109
-85
-66
-50
-13
55
148
187
165
132
101
89
73
25
-8
-22
-58
-123
-135
-67
7
23
-5
-9
20
85
165
186
132
76
87
116
106
87
65
50
54
21
-45
-87
-54
10
87
148
162
152
162
180
184
164
128
56
-2
-4
19
8
-17
-23
-7
-9
-36
-42
-19
17
50
114
156
144
128
146
153
112
49
12
12
-6
-20
17
56
37
12
56
138
173
149
97
74
88
97
70
57
68
33
6
42
92
109
72
34
39
43
35
42
43
38
65
114
137
161
181
182
176
135
64
4
-6
-8
-55
-93
-99
-90
-71
-22
36
56
45
58
98
162
242
272
181
39
-27
-4
56
91
71
37
48
76
58
10
9
48
71
54
34
51
71
60
44
57
67
24
-19
-7
17
28
36
58
98
131
139
129
119
108
72
5
-71
-117
-157
-181
-149
-58
76
200
234
163
82
75
101
112
76
7
-50
-46
-7
71
130
99
45
51
57
5
-46
-36
6
26
35
40
60
107
121
119
137
132
107
88
38
-22
26
2
-52
-59
-38
20
132
233
273
260
219
164
137
115
34
-68
-147
-164
-106
-7
77
113
121
151
181
198
185
131
67
35
56
89
5
-157
-185
-58
37
90
139
161
165
172
181
188
198
154
51
-33
-35
-4
21
2
-56
-69
7
98
132
124
118
117
115
97
32
-43
-78
-24
74
128
145
136
98
81
123
153
84
-25
-68
-29
8
11
-10
-25
-19
-19
-11
26
92
152
172
160
134
135
150
147
84
-21
-90
-78
-53
-66
-90
-52
57
162
221
264
279
227
137
113
114
88
42
12
5
-2
2
28
103
177
171
72
-37
-56
2
44
57
64
61
42
20
58
105
104
86
81
85
96
91
84
52
-12
-88
-82
-14
24
28
54
119
185
228
226
169
72
7
-38
-70
-72
-73
-88
-100
-76
-20
50
91
100
101
122
136
141
140
105
50
19
-3
-20
-24
-27
-13
-8
-37
-23
36
116
152
112
24
11
57
39
-10
0
67
101
69
21
25
26
37
83
87
24
-37
-10
45
56
20
-5
-2
25
103
144
75
6
6
73
121
64
-11
-39
-21
25
57
57
27
-12
-30
-46
88
93
59
49
57
43
7
-6
26
58
38
-6
-59
-52
4
43
57
58
41
44
73
99
133
137
106
53
12
8
12
8
21
66
115
125
114
98
59
13
-26
-35
-13
-17
-49
-69
-43
17
77
128
153
146
112
76
32
-22
-12
50
68
45
60
97
107
93
67
33
29
42
41
34
43
66
93
102
54
20
35
50
68
106
138
153
155
149
121
100
106
104
92
86
90
114
119
96
67
52
44
57
58
41
18
-34
-90
-94
-5
103
145
136
130
139
130
83
28
-25
-39
8
33
6
-2
40
84
84
33
-11
19
51
4
-18
60
136
133
70
26
42
98
150
155
114
60
27
-3
-36
-26
18
49
67
71
74
58
-1
-34
7
39
36
59
118
154
168
139
88
70
87
90
58
41
56
74
77
45
-3
9
10
5
51
120
155
184
167
124
59
6
0
0
-28
-25
53
115
104
92
96
96
100
104
98
96
91
90
69
52
69
73
67
81
84
70
68
76
103
108
69
7
-39
-38
3
40
52
22
-8
9
34
21
0
23
97
119
64
29
88
161
177
161
144
146
147
123
92
58
-4
-74
-93
-84
-85
-89
-51
39
132
184
192
195
177
101
35
40
64
19
-54
-92
-90
-42
38
67
22
0
28
60
74
123
146
83
27
66
146
138
35
-57
-38
19
36
5
-6
44
113
113
72
34
24
29
23
-2
-22
11
96
157
137
60
-4
-20
-2
0
-18
-10
25
38
60
100
125
108
72
76
124
137
99
57
51
29
-40
-85
-25
56
65
41
34
2
-34
-24
-7
-27
-56
58
128
99
80
128
178
148
73
23
22
55
82
51
22
27
-6
-42
-11
56
73
52
44
68
89
55
-10
-29
19
88
99
40
-11
-9
23
76
98
66
53
76
104
107
100
77
45
1
-28
-4
61
119
134
133
104
54
32
12
-27
-61
-50
3
65
83
54
33
54
117
146
51
-84
-106
-19
74
133
200
188
152
133
133
128
100
25
-105
-231
-180
17
165
208
186
195
224
224
198
134
40
-36
-94
-138
-121
87
157
195
194
205
232
224
152
69
18
-42
-136
-177
-105
5
70
84
82
87
85
107
154
163
97
-7
-56
-6
50
16
-30
-4
74
176
246
204
105
34
9
-8
-19
-10
-26
-38
2
70
91
67
41
36
18
5
41
93
108
69
4
18
119
183
156
106
67
44
67
76
36
8
48
77
61
69
113
131
98
38
-34
-101
-85
27
114
121
115
117
113
92
82
58
-11
-61
-51
-83
-164
-145
28
182
219
194
149
118
80
32
20
-34
-155
-145
44
200
226
185
155
101
18
-38
-53
-17
3
-68
-133
-52
84
144
148
139
133
121
115
99
54
11
-34
-73
-57
-6
69
160
201
178
65
-104
-139
-38
61
115
124
132
179
202
161
108
64
21
-30
-147
-252
-155
104
260
204
84
25
67
177
212
123
-12
-88
-88
-106
-88
88
284
307
224
177
214
231
148
3
-98
-107
-83
-68
-2
156
294
336
295
198
71
-8
-35
-49
-104
-187
-210
-150
-49
17
32
49
100
151
183
173
81
-55
-85
-22
-9
-74
-126
-77
76
217
229
160
85
18
-25
-17
21
64
75
73
108
198
267
269
155
11
-49
-34
4
18
25
64
120
161
145
101
41
17
20
7
-7
20
76
105
123
137
100
-10
-90
-54
37
109
134
119
102
109
123
104
57
23
20
16
-24
-93
-120
-52
6
-29
-70
-36
23
108
197
210
164
118
50
-13
-34
-67
-92
-52
-3
12
-8
-20
41
112
103
36
22
92
168
177
167
132
72
35
64
116
92
22
42
178
268
201
56
4
28
56
27
-22
-84
-100
-1
134
200
230
248
232
167
88
25
-17
-43
-7
66
66
-22
-61
23
91
48
7
33
76
45
-7
54
149
139
34
-101
-163
-116
-1
115
179
183
165
109
5
-65
-60
-45
-27
37
115
139
136
156
151
97
35
-49
-129
-72
38
136
234
284
236
134
38
-18
-55
-93
-104
-28
27
41
98
198
313
333
215
39
-34
-17
-30
-103
-123
-29
183
396
445
280
