188
200
124
-7
-102
-90
-50
2
89
161
196
197
133
49
6
20
-4
-76
-85
-11
54
56
17
-11
-10
18
49
38
1
19
99
123
55
-2
-8
43
112
118
89
75
101
130
122
96
56
-3
-35
-52
-57
-41
-33
-49
-82
-62
24
140
194
183
184
204
216
184
118
48
-25
-97
-119
-93
70
115
154
196
230
212
84
-84
-87
-99
-72
-23
26
27
35
122
215
199
106
48
44
73
86
48
-12
-42
-8
22
49
81
82
66
50
11
-20
-3
58
105
135
149
166
178
160
116
51
29
50
21
-65
-89
0
108
177
204
224
103
74
43
-6
-46
-39
-25
-38
-21
45
105
82
17
-7
2
4
23
80
147
181
139
119
120
92
37
22
32
9
-46
-59
5
52
29
8
28
37
50
83
123
118
75
42
3
-13
8
20
-19
-28
34
129
177
109
52
29
1
-21
-14
19
44
73
138
197
200
131
61
68
71
34
-17
-34
-1
38
18
-11
24
65
38
3
28
101
137
106
59
7
-50
-76
-42
17
34
43
82
97
76
101
144
139
112
50
-21
-33
29
118
145
85
16
-2
6
9
27
52
71
107
134
100
56
66
102
68
-6
-4
45
49
43
97
155
163
99
4
-19
9
22
32
50
67
61
49
69
92
76
37
20
17
39
50
6
-58
-73
-6
75
98
83
87
105
118
113
115
121
98
28
-22
16
74
91
73
25
-6
33
92
74
-2
-52
-56
-33
20
57
22
-20
-7
32
64
82
87
93
115
124
99
69
82
116
121
72
-3
-43
-2
86
117
45
-27
20
135
172
134
91
85
96
73
35
42
104
168
200
204
188
161
91
10
-36
-57
-74
-109
-121
-60
10
41
64
102
153
265
186
58
-1
12
51
58
32
2
26
87
68
-83
-46
17
36
99
149
119
57
10
24
99
139
75
-24
-68
-65
-35
3
6
1
18
56
72
37
17
50
39
-20
-38
64
155
150
113
85
75
81
90
93
86
87
90
84
74
74
65
22
-1
13
64
98
86
87
113
122
121
119
97
41
12
12
22
39
57
65
75
106
135
89
37
67
132
141
107
66
39
38
19
-5
-35
-51
-23
22
41
51
82
122
136
124
120
76
-4
-54
-22
44
96
122
98
19
-46
-56
-29
-9
-21
-40
-2
29
18
61
144
156
108
99
116
98
44
-3
-12
12
55
100
125
118
90
77
74
66
49
5
-37
-60
-34
40
71
25
-4
4
6
-9
-36
-14
48
107
171
205
213
148
18
-54
-41
-58
-107
-26
51
155
244
273
213
117
42
18
32
18
-9
0
26
45
75
87
37
-2
8
32
42
60
80
60
3
-69
-100
-62
38
161
212
186
117
38
43
87
42
-54
-90
-74
-39
43
156
197
181
162
125
80
44
42
54
37
-19
-61
-51
6
56
90
151
199
204
202
103
58
34
-91
-1
51
35
12
-3
-23
7
86
152
169
154
150
167
185
189
145
67
10
-14
-34
-1
75
130
115
39
-33
-40
25
74
20
-72
-98
0
54
137
189
185
154
157
171
149
83
2
-23
1
23
50
67
88
82
48
38
54
40
-12
-42
-8
20
18
9
19
44
74
97
106
98
86
105
128
109
50
26
60
48
-37
-93
-68
-12
19
5
-20
-1
42
69
74
52
21
10
48
130
183
166
98
23
-23
-7
43
64
50
68
124
144
88
20
-12
-29
-50
-35
37
98
121
130
149
187
168
61
-25
-28
-3
-2
-20
6
65
129
173
162
101
8
-74
-118
-118
-33
123
179
144
131
165
201
166
96
23
-33
-67
-89
-106
-84
-29
-10
-33
-34
-1
25
55
69
35
22
9
-12
-22
2
38
76
117
134
107
72
34
2
-14
-39
-25
25
41
27
55
82
7
-113
-139
-67
39
128
141
83
51
58
87
135
168
171
133
83
91
119
148
163
124
84
75
120
166
162
128
75
19
-3
28
28
-40
-67
2
117
178
129
36
-8
27
84
104
88
50
21
39
60
51
12
-14
20
108
182
185
165
180
219
221
157
59
-34
-78
-61
-36
8
85
115
85
75
93
118
136
118
60
13
43
100
92
11
-41
2
104
147
76
23
5
1
-25
-67
-100
-71
2
61
105
160
188
109
54
0
-38
-29
12
32
0
-7
43
29
18
66
98
69
51
45
34
43
67
50
-3
-35
-17
8
48
96
91
51
-22
-117
-116
32
188
197
86
26
44
80
85
43
-13
-45
-7
45
72
92
84
40
42
83
99
86
41
11
48
118
149
121
89
71
22
-53
-87
-3
150
208
145
75
72
98
116
105
53
-8
-55
-61
-30
12
23
18
1
-28
-53
1
101
136
106
84
76
75
75
69
64
67
67
28
-25
-57
-45
-17
-3
-21
-26
-4
54
102
99
97
130
140
101
35
-17
-17
27
116
181
177
137
106
98
118
137
102
3
-87
-117
-139
-154
-93
44
140
92
39
113
246
285
208
96
25
-1
-38
-73
-65
12
86
87
36
32
88
140
176
189
164
97
28
-9
-41
-92
-100
-13
66
98
108
120
136
186
227
184
61
-54
-88
-49
21
67
42
9
55
169
228
156
67
51
85
85
56
5
-39
-11
53
76
70
59
71
100
122
150
157
157
121
57
32
11
-9
-25
-42
-72
-105
-70
28
88
103
128
149
144
130
132
102
33
-22
-39
-65
-90
-81
-34
59
152
182
181
177
160
137
114
69
10
-33
-72
-119
-110
-50
-54
-90
-50
51
138
200
246
248
188
74
-39
-82
-51
-10
22
80
151
177
160
128
70
1
-55
-114
-134
-73
2
44
121
234
262
169
87
72
64
67
120
165
98
-4
-33
26
101
98
41
-11
-34
-30
-17
-4
-1
-3
9
33
53
59
43
56
82
91
90
90
123
146
73
-41
-45
38
67
11
-13
26
73
86
57
22
32
100
156
153
116
88
97
109
73
22
0
-1
-19
-92
-165
-154
-97
-59
-29
21
92
178
244
240
176
92
60
54
36
4
-11
38
121
166
116
22
18
73
66
-10
-46
-26
-7
-1
-14
-51
-33
54
139
176
169
141
98
67
44
-5
-85
-113
-67
-21
5
85
214
265
196
136
137
152
137
99
42
-60
-163
-156
-28
93
112
55
32
99
220
265
214
176
192
149
22
-90
-101
-42
-13
-14
-7
11
57
104
109
109
116
68
-21
-38
40
100
105
100
69
26
3
9
42
56
20
-13
-20
3
55
114
129
105
92
113
121
70
-11
-77
-94
-57
2
38
49
66
92
117
132
141
125
91
36
-10
-27
25
122
155
138
139
156
172
180
124
28
-82
-148
-115
-43
-4
8
40
99
128
98
21
-36
9
71
75
81
108
146
156
151
132
118
124
145
128
53
-13
-11
2
-12
-42
-70
-73
-60
-6
82
144
171
184
202
197
146
82
2
-72
-74
-24
-3
-6
0
38
115
139
81
51
60
23
-45
-87
-114
-81
38
168
219
163
93
101
164
185
107
3
-38
-13
5
-51
-105
-70
-29
-33
3
90
138
179
226
256
226
120
-20
-108
-92
-68
-56
1
56
70
76
107
133
75
-7
-1
81
151
133
70
51
81
72
3
-30
0
37
58
72
97
136
179
167
80
-33
-70
-23
-5
-25
-26
20
48
74
125
120
59
32
86
152
138
87
66
70
69
72
83
65
33
20
38
70
48
4
5
28
68
117
123
104
99
116
115
73
1
-49
-27
1
-45
-140
-195
-165
-61
49
108
116
118
151
194
169
71
-29
-65
-30
11
18
