-29
26
161
179
84
10
28
70
70
56
74
97
91
80
55
36
59
76
44
5
21
66
45
-7
-2
54
91
74
22
6
59
120
145
107
51
52
89
123
132
108
102
108
103
137
185
161
99
49
53
77
71
55
42
53
83
91
64
9
4
53
98
118
100
59
53
56
32
49
136
161
41
-41
33
160
183
122
73
83
89
71
51
60
81
42
-1
3
68
149
209
200
130
71
68
108
137
83
-10
-67
-61
-22
3
6
-6
-25
25
115
72
-34
-54
13
106
138
97
53
43
44
25
-3
0
-27
-93
-88
3
90
137
153
151
134
121
118
89
48
10
-21
-18
13
54
89
115
114
113
108
88
54
54
27
-14
12
72
68
9
-24
1
60
73
41
35
44
34
39
71
54
1
-37
-24
43
124
147
106
57
43
67
73
18
-55
-98
-76
-36
-2
17
18
36
65
123
181
162
104
58
32
21
-9
-46
-43
-8
28
12
12
118
145
54
23
86
131
102
45
-5
-56
-83
-59
-23
38
131
168
100
27
42
133
155
86
29
2
-26
-2
57
87
87
116
149
137
93
55
51
60
17
-41
-27
50
123
121
70
43
13
6
56
100
84
59
49
39
58
73
59
35
-11
-55
-45
8
37
-3
-14
40
88
86
61
53
73
88
74
58
42
27
39
52
39
17
4
22
67
70
59
96
145
171
188
165
107
101
146
163
135
75
34
26
48
74
33
-21
35
155
161
84
58
64
39
-7
-27
21
64
20
-13
8
56
92
90
88
109
82
20
6
35
56
48
6
-4
10
39
40
16
6
33
103
125
59
-12
-21
58
163
164
99
50
42
71
96
96
75
67
56
20
16
60
106
75
7
-20
-8
45
81
68
53
61
60
34
29
18
-53
-67
33
122
112
22
-7
54
91
66
37
35
54
64
39
5
-9
-26
-34
-7
24
18
-18
-10
9
-18
-38
17
67
55
28
18
39
51
36
8
5
29
25
-10
-10
112
288
314
216
194
236
237
205
177
129
72
37
9
0
0
-22
-38
-30
-22
-5
33
107
118
88
129
182
149
80
42
25
1
-9
2
6
-33
-76
-54
49
149
121
34
49
130
184
195
168
98
33
33
71
77
27
-29
-3
86
151
115
9
-43
10
96
105
51
33
60
85
129
153
107
29
-6
-21
-8
12
22
-8
-39
-18
8
-9
-23
53
154
139
65
82
102
50
-6
-5
9
11
17
27
40
45
39
65
87
81
60
71
133
179
138
89
92
88
43
-9
-23
21
65
52
7
-24
-4
19
35
76
144
167
149
132
137
115
42
-12
1
43
28
8
28
49
72
132
145
106
120
156
177
193
209
215
184
104
32
7
38
59
77
112
163
171
117
89
102
92
66
39
21
18
10
-19
-34
28
107
116
98
101
108
75
23
20
68
75
53
43
48
43
65
85
45
3
10
38
56
99
134
148
144
60
-33
-51
-10
25
36
49
59
67
86
116
128
88
38
36
65
81
81
71
44
17
17
11
-45
-116
-66
71
134
104
74
69
72
75
85
97
73
19
-3
13
48
52
23
-26
-29
29
97
121
108
92
81
82
81
42
16
1
-4
-5
16
60
88
80
61
67
77
67
18
-1
51
150
150
34
-30
11
87
75
1
-54
-65
-19
73
141
151
118
73
65
71
86
61
-7
-24
45
108
106
73
60
71
81
89
116
135
91
54
69
67
68
84
101
101
74
72
122
136
55
-22
-21
38
88
50
28
103
154
161
146
86
22
-33
-75
-59
-7
56
105
96
64
86
117
89
45
41
50
59
34
-24
-45
-27
23
70
39
6
39
90
90
38
22
61
96
100
51
12
52
84
80
96
112
99
70
68
114
153
88
12
27
71
85
80
68
69
99
98
20
-37
-1
35
-8
-77
-73
10
53
32
25
35
34
27
27
33
50
48
54
80
83
71
42
-37
-67
-7
66
115
100
55
61
102
85
20
-37
-77
-52
12
73
51
16
20
26
19
0
-6
-22
-27
7
81
136
135
117
114
83
7
-40
-35
-27
-40
-67
-58
-12
18
16
0
5
28
29
3
-36
-67
-21
37
51
17
4
12
18
26
55
71
87
102
83
59
69
87
88
71
12
-14
25
85
98
77
69
108
168
161
86
36
34
21
2
-35
-67
-23
61
96
36
-19
-2
80
176
181
118
84
80
84
64
40
42
43
42
37
17
9
27
42
33
0
-20
-19
-11
0
35
86
133
171
163
114
91
131
136
48
-8
21
75
93
100
136
162
131
88
65
67
72
69
70
19
-54
-21
70
103
72
35
0
18
92
148
156
140
108
55
8
-23
-23
13
5
-38
-27
59
134
114
72
80
93
80
54
34
36
35
8
-7
10
52
32
-30
17
19
32
66
122
145
98
50
43
54
55
45
26
10
35
52
75
132
139
83
50
58
80
64
26
8
33
55
64
83
101
107
82
45
19
-8
-12
21
51
38
9
37
99
106
84
55
17
8
10
21
42
49
52
66
73
43
33
76
120
99
24
-70
-146
-98
36
117
96
61
89
147
178
115
10
1
61
105
114
83
26
28
88
99
35
-7
-8
58
161
212
208
173
147
132
121
98
45
6
-5
-28
-18
9
10
-20
-75
-45
77
194
185
117
80
72
91
93
18
-53
-71
-49
6
59
51
28
56
100
90
49
38
68
89
77
60
56
71
19
-55
-24
65
89
51
-2
3
90
171
164
86
39
53
92
84
29
2
-20
-18
49
102
102
73
12
-34
1
45
36
2
-4
33
93
150
154
134
119
80
35
20
20
22
34
75
107
100
105
109
44
-5
43
137
155
82
13
-12
-25
-11
22
52
50
39
24
35
124
199
163
58
1
77
55
4
2
-4
-10
-2
-4
1
27
77
97
99
131
154
149
145
99
-2
-20
60
88
21
-33
-13
41
88
97
49
-21
82
77
28
25
44
24
5
24
65
81
67
54
51
60
92
98
90
88
70
38
42
66
34
-29
-45
35
86
55
44
92
107
81
68
36
5
-24
-37
11
104
172
153
105
71
19
-40
-55
-11
44
74
54
10
19
64
72
20
-36
-43
-2
54
49
-11
-25
51
96
55
19
-4
-33
-42
1
52
54
17
5
19
34
44
58
65
50
43
39
-11
-52
-13
21
26
-1
-35
-9
56
121
148
120
97
112
131
123
113
100
64
27
36
73
105
76
-5
-37
40
145
145
80
42
86
155
160
115
82
100
125
83
28
20
43
68
71
51
6
-81
-142
-77
48
134
120
99
125
156
149
118
97
75
5
-65
-65
23
128
148
71
-18
-67
-24
45
67
42
49
77
130
182
195
144
58
-3
-34
-37
-25
-4
41
73
81
72
72
91
81
39
36
36
34
43
8
-13
25
85
107
101
74
61
68
52
26
26
23
8
12
43
64
50
49
75
103
100
89
74
48
42
41
60
86
70
50
40
12
8
9
5
28
29
7
13
65
92
44
-4
24
92
89
76
128
172
204
208
193
160
123
101
64
52
89
129
120
69
43
82
108
82
60
88
118
113
84
74
71
55
36
-13
-42
-9
21
35
24
7
11
36
92
160
162
123
108
103
83
52
22
-28
-103
-105
-21
53
97
105
115
114
83
50
32
37
18
-22
-41
-25
16
37
20
20
11
20
73
105
50
-24
-26
23
64
64
49
39
29
19
-10
-50
-29
6
42
64
67
130
229
273
231
154
77
19
-19
-23
-6
-3
-35
