200
129
88
102
72
27
3
-42
-106
-114
-42
49
88
89
76
70
83
72
21
-7
4
11
24
42
116
195
162
75
56
70
74
74
54
-1
-60
-57
1
17
-23
-33
3
27
43
43
85
164
202
168
112
75
59
51
33
-6
-43
-27
23
82
121
152
144
103
98
115
101
55
27
41
76
109
138
183
192
140
80
40
32
2
-68
-39
-27
-55
-50
45
153
179
134
93
71
81
90
50
21
21
23
32
7
-22
2
38
38
17
9
67
115
109
99
68
-2
-74
-73
2
90
137
129
90
84
103
90
3
-91
-87
5
84
121
103
66
65
86
96
90
73
67
76
65
45
29
-40
-115
-85
19
102
146
195
197
154
164
202
165
49
-42
-71
-73
-43
9
57
59
23
-7
6
100
179
181
156
151
131
71
-3
-56
-65
-28
11
39
50
106
200
260
243
193
139
102
86
26
-84
-158
-193
-203
-177
-131
-85
-45
-19
49
160
253
277
225
133
41
6
48
96
68
7
5
64
117
108
74
57
50
12
-37
-70
-69
-14
33
40
37
53
86
133
146
83
12
-27
-101
-163
-149
-88
-36
29
115
162
183
214
202
155
87
8
-40
-39
9
69
50
-29
-67
-20
-5
-54
-60
43
155
172
125
105
147
140
42
-41
-54
0
83
137
124
67
34
68
120
104
53
37
50
56
8
-42
-54
-45
-4
44
65
88
146
185
183
118
52
42
19
-54
-67
-19
12
56
106
121
87
70
80
81
101
121
109
60
21
10
23
44
61
43
-17
-74
-55
32
74
73
84
81
58
32
6
-9
-34
-55
-60
-42
10
96
171
163
96
88
133
150
97
5
-10
44
70
41
-2
-54
-98
-107
-113
-118
-83
-7
51
82
114
217
186
117
69
35
4
4
20
32
37
56
66
51
8
-12
22
60
59
59
68
60
70
82
70
84
112
128
129
128
136
152
149
118
69
16
-4
23
58
57
10
-57
-73
-12
5
-38
-22
75
147
141
136
161
179
161
120
85
44
-34
-87
-106
-101
-62
7
77
125
153
178
186
188
188
132
32
-73
-130
-74
-13
-25
20
148
251
297
282
236
196
141
53
-30
-59
-42
-50
-104
-133
-77
-24
-7
36
90
90
43
51
103
123
90
35
8
48
90
76
60
84
118
130
108
48
-27
-49
-3
69
133
138
130
104
54
37
87
167
214
164
76
61
69
64
50
9
-21
13
60
68
89
91
40
-3
7
51
55
-5
-92
-138
-58
98
184
171
135
121
91
36
7
16
21
17
49
87
96
120
145
165
147
85
41
38
53
49
64
88
68
35
8
35
107
154
202
262
257
181
107
69
28
-19
-55
-59
-55
-78
-141
-147
17
-9
67
201
296
300
218
117
58
29
25
49
29
-27
-42
-25
11
67
135
176
145
73
36
50
38
-10
-52
-38
-1
4
7
24
19
21
25
21
49
68
60
66
120
163
128
68
53
35
3
-4
6
24
44
28
-39
-123
-145
-102
-33
18
-17
-22
80
201
240
220
189
144
75
18
-20
-41
-81
-132
-155
-115
-26
5
4
49
139
198
205
192
164
123
86
61
37
-14
-73
-72
-13
51
68
9
-28
1
48
49
-17
-68
-52
19
115
186
180
128
96
106
99
26
-43
-37
13
49
59
80
88
89
115
128
50
-39
-52
-55
-126
-198
-167
-69
34
103
122
113
118
157
195
154
65
-1
-25
-5
38
54
42
17
-21
-43
-17
23
58
114
109
58
73
151
193
156
99
56
34
39
32
-36
-121
-106
4
113
152
162
138
58
11
55
75
8
-36
18
128
179
136
120
152
150
85
18
28
87
124
133
122
89
42
21
38
48
22
2
-33
-33
13
77
130
156
162
154
162
162
130
89
88
88
45
1
16
99
154
108
-3
-75
-39
44
99
90
69
60
65
68
55
40
25
-36
-138
-185
-114
11
77
54
40
91
166
188
139
71
42
57
55
24
-3
-13
28
91
97
37
-35
-69
-38
29
84
86
70
89
101
88
50
10
10
20
11
56
115
128
134
176
201
117
55
5
-2
35
26
-25
-73
-67
-28
6
48
99
107
56
41
119
172
113
50
73
131
108
53
48
70
64
6
-34
-34
-43
-71
-70
-5
77
99
65
69
117
130
96
99
120
131
137
120
75
53
51
36
17
-21
-104
-150
-126
-26
82
133
160
200
231
231
229
234
214
125
21
-27
-25
-9
-23
-67
-105
-114
-73
-2
64
140
217
227
167
116
90
66
51
43
18
7
56
96
51
-33
-56
-30
-3
27
54
69
97
146
186
149
58
-3
1
35
52
28
-10
-25
-40
-39
8
73
93
66
56
90
93
58
72
109
72
1
-39
-65
-54
7
86
100
32
-13
8
38
51
80
115
135
130
93
81
77
83
74
92
119
72
21
17
20
13
32
85
89
28
-29
77
163
180
151
154
185
215
220
188
150
107
19
-66
-84
-19
59
93
96
88
77
64
102
156
113
8
-53
-4
80
49
-61
-93
-5
73
56
50
112
135
91
81
109
80
4
-14
49
154
225
200
108
28
1
12
18
-18
-61
-69
-21
44
83
112
117
120
117
58
-22
-30
36
122
128
74
52
93
154
141
35
-102
-171
-108
6
53
92
137
176
209
204
156
80
8
-29
-57
-84
-74
-17
3
-26
-23
41
86
92
103
146
166
76
-43
-22
64
44
-59
-146
-132
-50
45
114
102
64
86
128
116
96
132
136
51
-55
-77
-28
7
-12
-24
-7
16
41
66
80
103
108
96
118
106
16
-66
-84
-55
-21
24
103
186
215
169
113
101
105
71
13
-22
-42
-59
-74
-56
-17
28
64
80
113
115
100
114
149
122
45
-1
-23
-62
-76
-9
58
76
91
88
99
145
151
119
87
64
24
-9
-37
-42
-45
-57
-21
57
84
82
97
113
145
187
204
125
-13
-118
-130
-59
-8
-10
-9
32
81
124
145
138
120
102
67
28
21
68
117
87
21
-5
32
97
144
124
86
86
128
160
162
156
124
90
72
12
-68
-99
-52
32
53
18
29
83
118
122
121
113
91
43
-3
0
52
53
1
-9
34
57
5
-76
-54
52
131
139
87
39
42
58
68
73
80
108
117
113
124
131
85
34
36
50
76
103
74
58
84
108
99
69
34
9
3
7
23
52
68
54
-25
-103
-76
32
106
112
44
-17
17
68
55
-12
-98
-110
1
136
187
185
199
237
245
202
156
124
61
-24
-114
-172
-171
-124
-78
-23
67
169
237
245
219
162
85
50
59
42
-13
-57
-51
-36
-29
-3
23
25
26
65
121
154
151
130
117
89
13
-69
-75
-24
17
19
22
64
112
136
138
109
86
99
119
119
70
-20
-69
-59
-81
-49
16
51
50
50
87
154
209
210
137
59
22
11
18
-6
-42
-24
42
104
137
163
186
164
113
84
76
56
5
-50
-69
-45
20
74
70
36
54
124
137
87
44
21
22
34
38
44
56
69
90
92
53
-20
-77
-57
-10
-11
-35
-23
27
90
133
145
149
165
178
149
103
85
90
75
26
-25
-45
-36
-36
-39
-7
42
61
50
65
128
168
130
45
26
38
6
-8
-2
-10
-18
6
57
113
138
157
153
86
-4
-72
-85
-27
34
54
51
42
49
57
61
67
48
2
-13
13
59
123
179
180
140
89
59
74
113
120
84
17
-50
-93
-92
-36
16
21
9
33
123
220
219
146
102
85
28
-37
-82
-68
1
86
107
73
77
115
180
240
237
188
133
87
43
21
-6
-50
-54
-68
-92
-90
-20
75
106
75
85
162
224
183
117
100
91
83
66
11
-49
-78
-72
-55
-22
4
12
32
36
59
69
57
37
20
59
148
178
120
54
34
