20
33
29
53
102
128
80
26
49
96
108
80
17
-37
-25
5
25
65
58
-4
-39
0
44
74
93
101
121
136
106
54
22
11
2
-17
-22
7
50
57
32
39
55
33
-10
-10
32
73
86
90
113
135
149
147
103
45
20
22
49
28
-27
-72
-72
-28
-14
-36
-28
12
89
165
180
130
68
19
-4
-10
-1
21
32
58
109
162
178
162
105
55
33
29
22
2
-18
-42
-46
-20
11
26
36
49
56
93
132
121
66
10
10
25
6
12
82
156
194
178
141
117
92
71
50
-5
-69
-74
-29
2
-14
-26
18
73
90
87
86
72
54
48
44
5
-36
-24
17
50
81
83
65
73
70
25
-26
-58
-74
-57
3
38
33
48
87
116
129
161
179
147
70
34
51
42
5
-24
-52
-59
-19
33
41
18
-26
-38
11
70
107
109
64
3
7
83
118
76
25
42
100
128
133
123
103
100
100
74
69
56
3
-52
-100
-124
-101
-52
-12
52
160
209
201
199
209
230
209
122
29
2
34
83
99
72
24
2
1
10
41
53
23
-14
-35
10
106
185
198
177
129
86
113
118
69
18
-12
-35
-40
-49
-23
64
139
160
113
72
67
77
76
70
61
83
128
136
108
85
112
160
135
34
-38
4
85
130
122
80
35
-4
12
87
124
75
12
6
33
65
44
20
32
51
28
-17
-27
19
74
103
122
125
116
119
147
147
103
67
36
-8
-41
-54
-27
19
58
75
81
69
64
59
74
93
70
-2
-51
-62
-68
-60
-6
56
104
116
106
109
141
168
152
96
39
9
-2
-4
-19
-52
-57
-26
10
52
87
115
160
202
194
129
52
4
0
4
-12
-38
-59
-40
37
122
147
108
48
28
48
87
115
98
61
44
65
113
124
118
133
105
19
-36
-25
29
88
114
93
65
61
73
67
51
54
73
67
-11
-76
-52
23
58
41
4
6
64
81
29
-4
23
42
4
-17
45
128
176
202
179
147
145
146
129
82
43
23
-1
-7
-13
19
82
57
-24
-34
67
145
141
121
116
99
84
89
88
83
55
-23
-83
-74
-18
26
37
66
134
155
82
-6
-4
64
90
32
-71
-137
-134
-72
-17
-4
-10
26
72
59
52
92
136
154
139
113
100
106
107
83
33
-13
-38
-12
10
23
25
-6
-7
57
108
58
-38
-57
20
104
108
59
70
109
107
67
41
49
37
13
32
87
141
167
147
118
74
25
-27
-65
-59
-56
-65
-53
-8
68
149
178
164
160
154
121
92
99
104
52
-33
-55
-33
-5
41
93
116
109
109
119
150
147
93
28
-8
-24
-24
-27
-23
-1
23
32
44
69
99
144
168
154
135
130
128
104
57
22
-10
-42
-41
2
24
12
6
7
52
92
98
71
52
55
59
65
82
82
29
-33
-34
-7
-9
-2
39
75
80
49
32
26
38
66
61
39
64
130
176
152
109
64
11
0
29
61
83
109
120
89
73
97
81
43
24
20
56
93
74
43
64
97
49
-60
-103
-40
54
117
132
130
106
58
23
8
-2
-5
32
57
56
89
136
140
75
-33
-107
-136
-140
-99
-40
-10
-4
35
116
153
130
60
0
-33
-54
-72
-60
-21
41
114
154
138
85
42
41
34
-2
-52
-54
-3
86
146
118
59
68
121
125
66
-8
-25
7
43
72
65
43
38
33
38
52
55
4
-52
33
38
33
36
32
28
53
58
23
-1
53
153
228
251
39
-19
-20
-18
-41
-26
40
100
116
117
128
103
65
38
48
68
45
9
20
27
5
-2
66
137
140
118
130
195
203
122
39
39
76
80
74
66
65
89
112
76
-2
-34
-4
25
50
92
154
172
100
19
21
71
84
49
-2
6
88
180
230
193
132
124
155
125
48
18
52
88
70
27
2
3
41
83
66
4
-37
-34
-13
-11
1
6
-7
26
133
171
133
101
77
50
13
25
57
53
18
3
18
36
51
44
52
90
133
134
106
74
50
40
80
103
86
72
124
192
183
124
86
65
41
17
34
100
185
228
185
106
50
36
55
67
26
-5
-12
-26
-28
0
61
101
72
39
58
101
137
149
115
54
-6
-59
-92
-60
36
128
147
99
48
26
26
42
45
19
-33
-68
-49
19
96
135
115
66
37
35
67
137
197
202
176
148
128
88
28
-23
-92
-118
-161
-152
-30
85
140
145
117
88
106
152
148
58
-25
-11
22
13
5
18
35
44
59
89
125
116
45
4
41
99
88
-8
-114
-122
-49
2
-1
19
87
155
160
115
88
113
150
169
153
103
37
-19
-29
-4
33
42
24
23
59
101
104
91
82
39
4
12
34
22
-12
-30
-20
-39
-118
-148
-109
-82
-5
117
199
209
181
157
109
48
20
36
51
43
44
59
70
56
12
-28
-68
-90
-45
56
164
179
128
60
37
82
97
38
-42
-57
11
93
113
74
43
35
40
40
-7
-68
-55
5
35
27
56
99
120
133
141
144
107
41
-5
8
34
-4
-40
-21
-24
-41
1
40
43
53
75
80
61
50
84
120
103
44
0
21
100
162
160
118
88
100
102
77
35
-20
-57
-37
6
10
-12
-24
-19
7
52
59
37
-17
-54
-22
34
65
60
72
108
144
130
67
24
35
52
50
11
-40
-54
-1
51
43
42
90
124
90
83
129
136
98
55
40
33
18
-6
-26
-13
57
157
195
136
52
-8
-24
11
72
115
116
105
96
75
45
66
108
87
10
-20
10
25
-11
-50
-10
57
86
96
120
149
137
104
113
131
84
21
9
32
8
-7
45
108
108
101
113
106
73
49
48
45
20
-5
-7
21
71
134
169
167
136
108
106
101
92
102
88
21
-45
-83
-66
-25
2
21
54
128
193
184
128
76
37
-25
-107
-166
-169
-100
-4
13
-9
8
71
85
65
76
114
128
107
71
43
57
82
88
76
74
108
156
167
113
16
-13
17
16
-36
-72
-66
-56
-33
33
117
132
75
43
55
28
10
40
74
77
97
118
93
55
73
128
136
92
56
43
57
109
148
124
90
65
25
0
24
33
32
83
131
120
56
-18
-29
10
57
57
-1
-59
-76
-21
60
123
151
172
208
218
193
146
96
41
0
-23
3
26
11
6
12
48
89
90
92
112
125
108
97
100
42
-58
-94
-71
-68
-77
-23
53
109
146
160
133
53
-27
-25
17
44
61
72
37
43
117
169
172
150
132
105
58
-7
-60
-19
92
156
118
68
60
103
168
153
36
-89
-137
-119
-45
59
106
113
130
113
74
96
123
65
3
51
135
152
116
100
93
83
74
48
36
32
3
33
108
165
169
150
116
52
3
23
69
73
17
-38
6
115
136
61
-19
-19
48
86
43
21
70
135
161
146
115
50
-28
-45
-7
38
44
20
9
-11
-59
-83
-58
-35
-25
17
109
166
124
71
69
71
24
-24
-27
-17
-43
-87
-87
-30
61
129
135
117
120
135
160
154
83
-12
-85
-25
57
123
130
69
3
-3
17
36
50
60
40
38
65
72
34
-26
-56
-50
-35
6
50
53
58
66
52
40
50
64
71
72
55
7
-28
-29
-19
10
55
81
92
128
145
107
73
73
50
10
6
48
119
149
89
17
-26
-34
-9
19
26
28
23
-33
-42
55
149
168
165
173
195
193
166
100
6
-67
-93
-83
-52
-42
-9
96
180
150
59
6
18
26
16
27
75
114
90
38
-2
-23
-20
19
85
109
72
54
97
119
92
69
58
18
-11
-11
4
24
27
37
57
77
55
