5
-40
-40
2
49
72
52
44
101
137
123
87
54
49
60
51
9
-10
-1
27
54
60
66
74
115
152
140
102
85
59
0
-83
-123
-82
26
108
113
97
107
128
144
177
186
138
71
22
-12
-21
16
57
80
64
40
57
91
80
49
52
68
64
19
-21
-40
-49
-19
21
34
49
87
82
8
-23
23
65
56
43
40
56
102
133
83
28
27
26
-5
-54
-51
39
148
183
120
49
68
116
98
24
-30
-67
-75
9
12
35
98
146
114
11
-43
-7
58
86
65
7
-20
33
120
154
108
57
53
61
67
59
49
38
23
8
9
22
21
3
-24
-58
-134
-201
-180
-74
2
55
144
225
268
290
234
113
61
102
122
73
37
72
137
140
93
61
64
77
71
45
32
34
42
0
-82
-53
55
145
178
204
244
236
99
52
25
0
-13
-6
16
24
6
-10
-27
-38
3
48
85
117
123
115
119
103
45
-5
-20
2
57
103
90
68
88
103
64
24
10
-19
-41
-17
2
-1
6
13
6
25
69
83
73
73
87
89
27
-18
-1
37
29
-8
-1
33
59
64
50
60
107
140
133
116
100
91
65
12
-8
4
6
7
2
-17
-5
60
146
200
187
155
155
124
51
-23
-56
-62
-51
-9
50
105
139
148
169
196
179
124
91
99
59
-43
-129
-101
3
44
32
71
171
253
269
229
160
98
58
38
17
-53
-74
-2
66
57
6
-19
19
88
120
132
166
200
219
177
68
-18
-36
-10
9
20
45
98
132
118
114
132
101
9
-65
-45
43
132
173
179
156
106
68
54
21
-40
-88
-88
-34
33
56
55
55
45
12
3
35
70
73
41
21
54
107
122
96
66
35
-21
-39
-3
37
60
61
50
75
139
151
80
12
20
55
80
76
60
55
52
23
-69
-157
-151
-57
35
74
92
129
150
112
50
-5
-74
-124
-108
-56
10
117
217
218
134
70
65
52
20
5
5
-8
-26
8
97
153
118
72
102
135
85
37
52
69
36
-13
-35
-23
4
50
84
88
71
38
26
48
68
67
39
23
35
54
53
21
-18
-41
-40
-22
1
29
68
104
105
75
28
-8
-9
2
-8
-9
22
16
-4
9
22
4
-21
-4
38
54
38
45
81
105
72
1
-24
16
84
115
84
57
65
87
89
84
73
44
10
8
28
43
37
16
7
43
108
148
122
91
113
139
123
80
61
76
91
59
11
-1
27
80
128
140
121
99
83
42
6
-21
-42
-5
57
102
141
192
231
245
226
137
24
-33
-66
-41
51
100
72
55
99
145
114
21
-37
-40
-17
75
161
179
171
163
141
112
108
123
96
2
-60
-58
-61
-78
-27
27
4
12
86
145
180
196
179
131
64
24
-7
-77
-132
-90
4
65
56
36
51
70
65
25
-2
28
59
39
0
18
92
146
141
97
8
-43
-3
38
-21
-115
-103
-20
82
157
169
141
128
121
103
89
36
-52
-115
-114
-65
16
98
157
164
134
96
82
97
120
85
9
-35
-49
-25
-2
-25
-23
36
67
50
58
108
149
149
144
152
129
59
18
40
64
24
4
57
115
98
45
28
29
33
33
13
-6
-3
0
38
84
72
26
10
51
75
86
71
53
59
72
53
10
-4
45
129
154
100
39
26
34
27
10
35
74
76
55
74
106
109
102
59
-19
-98
-104
-65
-21
2
39
89
113
130
144
132
103
89
99
99
102
104
82
19
-57
-77
-42
-33
-23
6
64
146
194
172
114
85
90
106
120
107
44
7
53
103
108
76
60
80
97
112
115
61
-6
1
70
137
165
130
119
131
139
151
156
148
123
99
86
41
20
55
90
113
134
137
102
101
122
100
36
-57
-102
-70
-34
9
56
86
104
116
106
91
59
17
-8
-12
-19
-61
-20
53
52
-3
29
148
226
199
132
106
114
91
68
56
51
29
17
26
45
56
44
28
2
-35
-39
7
23
-18
-18
34
84
92
64
56
88
91
80
82
97
106
132
147
97
25
2
0
-38
-67
-92
-132
-122
-22
64
89
104
123
161
202
226
204
162
139
119
85
53
34
37
41
9
-23
-19
-36
-91
-99
-27
86
144
114
81
97
123
115
57
-8
-56
-83
-67
-2
59
68
-4
-81
-53
19
25
-12
-8
49
103
133
140
107
52
42
55
71
114
121
68
16
25
83
109
49
-4
67
108
118
116
115
131
115
29
-54
-65
-39
-39
-30
38
114
109
77
97
123
138
139
134
112
72
19
-9
13
34
6
-5
43
108
121
103
73
48
-6
-55
-30
28
68
76
108
138
131
88
28
-8
-18
-30
-43
-6
80
134
101
25
8
57
57
12
7
59
132
165
137
83
35
-8
-29
-10
27
42
34
55
149
212
169
71
18
44
82
56
-7
-58
-83
-76
-68
-78
-77
-38
41
137
184
168
149
120
75
59
86
115
122
103
91
105
87
35
-20
-56
-51
7
54
49
26
27
52
89
145
148
76
9
10
55
81
51
16
2
-9
-8
4
25
17
-18
-46
-67
-41
37
93
68
49
91
128
104
55
21
20
53
109
122
74
27
54
68
12
-20
28
90
85
33
7
-14
-76
-73
24
84
72
45
32
43
65
73
74
84
97
87
93
139
151
97
43
-3
-36
-24
17
60
102
130
148
150
116
50
-13
-13
26
54
59
67
69
75
57
12
-8
5
5
-7
-1
28
59
64
44
24
1
-8
2
40
75
92
123
162
177
101
-29
-115
1
26
-13
-69
-52
44
128
135
106
85
97
123
131
130
121
124
115
100
82
53
27
6
-3
-12
-57
-100
-89
-22
18
-2
7
109
210
241
215
163
124
129
105
36
-25
-39
-35
-29
-1
53
109
148
148
146
140
108
68
65
87
80
44
-4
-11
75
176
168
106
82
115
153
138
70
9
-38
-75
-117
-132
-81
36
154
209
226
242
252
230
177
97
23
-8
-13
-3
4
5
4
2
-10
-22
-29
-14
-6
-7
7
49
84
81
38
-17
-26
11
33
37
51
101
141
141
104
71
67
55
6
-25
-9
32
75
75
58
54
43
2
-53
-45
17
75
107
132
152
140
113
81
58
55
44
32
17
-7
-39
-13
12
-3
-51
-53
10
100
181
216
229
259
250
87
39
29
41
41
48
25
-10
-22
-29
-42
-36
-38
-18
84
178
201
205
194
155
107
42
-27
-75
-92
-85
-65
-14
65
99
45
18
59
113
124
108
73
44
19
-4
18
75
102
74
54
26
22
72
105
67
-2
-22
5
18
22
75
141
139
99
76
106
169
186
141
71
21
18
35
54
71
87
85
66
70
99
69
20
44
133
185
178
151
138
131
96
9
-66
-114
-130
-101
-40
9
41
88
157
224
217
160
88
41
3
4
45
82
88
70
54
74
115
114
69
6
-43
-68
-29
26
68
99
107
97
67
11
-13
11
44
28
24
64
99
122
153
162
139
90
10
-61
-76
-51
-28
-34
-24
34
87
74
41
43
50
28
5
5
49
114
150
161
160
145
130
116
81
45
22
3
-22
-77
-99
-39
40
72
70
99
129
116
85
45
52
100
105
44
-5
9
58
93
90
34
-42
65
76
53
19
19
41
32
-22
-68
-68
-18
27
66
128
121
61
23
9
11
38
85
97
52
26
71
181
228
153
67
25
19
29
7
-26
-27
-10
-6
-2
-4
-35
-84
-78
-1
64
60
41
76
145
133
74
50
51
39
19
42
105
141
130
93
52
10
-23
-17
21
13
-17
6
90
124
82
49
56
56
29
37
88
129
139
144
151
167
133
58
21
-1
-4
5
