-68
-58
-29
51
138
154
140
144
161
144
71
21
2
-20
-24
-12
25
72
115
164
212
204
151
105
80
75
51
-12
-35
2
19
3
-9
-20
-1
52
67
51
35
26
51
56
24
-7
-49
-74
-51
2
66
90
89
101
148
198
183
108
50
20
-9
-39
-61
-58
-5
70
137
163
155
154
162
161
141
104
50
-33
-113
-139
-100
-55
-33
13
82
134
164
163
146
149
184
178
90
2
-38
-42
-17
2
-33
-55
-27
20
81
109
113
99
105
144
164
130
115
138
133
87
77
89
66
58
112
106
22
-46
-45
-13
4
40
96
131
124
100
91
102
88
40
-17
-70
-98
-69
-49
-36
7
54
69
73
68
54
50
71
93
76
26
-8
5
68
133
165
169
168
171
180
189
164
93
26
-35
-109
-100
-62
0
80
154
193
186
167
153
129
68
9
-11
-14
9
67
137
188
85
-1
-17
19
45
36
-1
-35
-38
-20
18
72
118
119
40
-77
-108
-46
-7
-13
5
39
54
65
99
136
108
25
-6
70
113
114
93
97
144
155
88
17
17
38
28
-5
-50
-65
-13
42
64
69
97
109
76
4
-52
-37
1
5
1
11
52
116
156
164
152
112
37
-8
-3
17
-22
-116
-145
-77
-11
17
56
109
131
114
107
122
112
22
-97
-130
-38
51
42
9
35
65
50
29
43
90
107
60
42
56
59
57
54
45
44
50
38
34
44
45
32
-5
-27
-25
-3
35
44
38
80
135
153
106
32
-8
-18
-40
-45
0
90
192
288
328
298
221
152
103
41
-35
-91
-109
25
64
71
45
38
76
164
192
125
65
53
32
-2
-11
0
-8
-37
-2
0
-3
7
12
-10
-20
22
86
105
80
71
91
146
171
123
70
85
98
37
-13
-8
25
39
38
56
101
144
165
167
141
115
88
75
74
81
36
-70
-8
16
17
70
185
279
285
233
188
144
66
-13
-53
-38
10
66
85
92
102
114
84
12
-45
-66
-42
7
41
50
80
115
130
130
106
85
81
61
12
-9
-8
-13
-35
-56
-46
5
84
116
90
70
73
68
51
49
45
21
4
12
22
-14
-101
-145
-106
-61
-43
0
86
184
253
279
258
187
133
87
28
1
42
75
50
35
56
87
108
105
83
86
89
56
25
49
120
177
171
120
89
97
119
146
145
77
-28
-45
28
36
-68
-132
-76
1
59
123
168
167
164
180
184
149
89
29
-33
-72
-68
-59
-36
17
54
64
49
50
70
85
107
112
74
37
11
-24
-58
-41
28
99
70
0
24
150
248
232
136
42
6
18
29
33
23
36
71
69
41
35
48
50
33
-8
-33
7
44
28
-5
16
108
189
203
162
116
90
29
-21
21
105
163
208
260
326
365
326
242
160
137
139
113
114
177
246
296
308
276
274
308
313
283
282
300
288
226
160
80
41
65
100
138
182
210
196
162
145
154
145
104
65
17
-10
-41
-71
-45
5
-37
-136
-135
-24
76
99
77
43
-22
-85
-123
-115
-41
7
2
-8
-17
-29
-45
-87
-139
-177
-205
-218
-216
-184
-145
-123
-107
-43
37
42
-13
-42
-50
-84
-130
-136
-77
-56
-101
-117
-65
-10
28
48
17
-34
-43
-54
-60
-56
-4
-37
-50
-33
-6
8
21
11
-27
-61
-82
-102
-109
-103
-92
-89
-109
-122
-92
-92
-137
-177
-116
34
138
119
52
24
75
119
98
43
-6
-8
61
123
107
68
61
76
73
34
-36
-65
-36
2
24
7
-29
-11
23
41
48
39
37
37
40
64
84
80
70
59
48
57
102
132
87
28
41
91
105
99
98
81
57
57
75
66
23
1
24
44
34
32
77
129
145
136
145
157
157
120
80
73
65
40
20
-5
-25
-25
19
118
219
260
249
220
183
151
112
50
-18
-60
-34
3
-20
-34
50
145
139
92
55
52
146
234
234
192
172
184
185
147
88
57
71
92
96
74
50
25
11
16
12
11
28
50
16
-19
8
61
72
12
-23
32
120
145
105
92
116
108
53
12
24
33
66
113
119
108
121
128
88
40
27
59
57
7
-10
27
69
80
72
87
100
68
26
19
16
4
-6
3
32
49
81
82
18
-10
38
100
80
32
71
166
201
132
90
64
45
34
54
70
75
81
86
66
17
-13
-20
-28
-18
20
84
141
166
165
150
144
130
96
41
-8
-33
-54
-76
-72
-37
-66
-56
12
109
156
147
113
83
67
48
54
96
105
68
43
56
76
86
84
90
106
119
121
116
81
43
44
23
-106
-68
1
57
85
102
103
69
6
-17
22
85
117
100
66
84
133
144
93
33
0
-28
-43
-22
16
61
116
135
93
40
26
44
76
104
98
89
100
113
98
58
11
-36
-57
-27
17
44
57
92
154
197
184
130
54
3
4
56
108
101
64
48
76
121
140
97
3
-67
-84
-98
-77
-23
16
59
136
227
268
214
108
42
22
13
25
74
106
87
38
9
9
9
27
66
100
105
102
87
77
96
96
45
-36
-88
-54
28
64
87
161
201
145
85
65
58
67
56
22
-13
-35
-33
-24
-19
-25
-23
10
44
52
56
56
44
42
32
28
28
3
-36
-74
-71
-6
59
87
85
74
71
86
75
50
24
-24
-58
-30
35
116
154
161
168
157
118
69
35
9
-25
-35
12
65
56
8
-2
65
136
121
66
55
68
84
129
151
107
45
23
16
7
6
3
22
68
76
55
80
152
193
156
108
100
107
129
135
96
35
19
37
33
-13
-49
-65
-67
-50
-27
16
61
99
134
135
122
112
108
149
177
133
67
41
39
21
-23
-38
-9
-10
-46
-50
-4
72
117
89
61
75
105
114
87
64
29
0
0
-3
-22
-10
9
24
45
89
135
163
137
58
-82
-6
27
43
73
128
178
180
138
87
32
-2
-18
-53
-77
-58
-11
38
57
49
24
2
23
82
125
136
136
106
38
-13
-25
3
18
16
42
105
145
146
129
109
87
45
9
-29
-59
-34
53
97
67
51
84
133
180
145
51
16
34
56
54
38
32
20
1
-6
16
28
0
-60
-56
42
128
169
204
195
138
113
96
58
10
-14
-34
-73
-120
-97
-39
-7
38
122
148
128
162
208
165
60
-2
-10
-6
-19
-19
-22
7
101
180
217
217
182
151
154
173
161
91
17
-25
-56
-85
-46
34
91
118
121
120
138
153
162
147
99
32
-53
-116
-106
-57
-42
-73
-71
26
113
147
149
137
124
104
91
67
5
-13
7
22
36
48
69
90
102
91
50
-35
-123
-180
-146
-26
87
124
134
167
200
224
219
173
99
12
-23
-39
-70
-66
8
99
132
108
97
121
130
97
65
72
87
74
65
69
68
50
37
18
-35
-49
4
64
98
120
148
161
144
103
69
36
-23
-102
-117
-70
-28
-7
6
23
73
146
186
168
130
75
5
-37
-42
-34
-39
-98
-116
-36
60
103
87
72
89
115
121
104
36
-74
-133
-69
45
112
101
97
114
130
101
58
35
2
-35
-68
-66
-27
24
80
103
115
117
117
121
108
45
-26
-28
4
6
-42
-9
132
198
186
162
132
104
90
103
120
89
28
0
-8
-4
12
23
36
67
71
58
70
132
180
147
65
-10
-36
-3
25
-3
-54
-35
73
166
188
180
169
166
136
73
23
-7
-45
-97
-140
-124
-51
45
138
164
138
131
188
154
100
9
-60
-67
-21
51
102
103
55
-6
-22
17
53
73
87
134
166
121
54
-6
-53
-49
-25
12
69
97
103
136
185
160
42
-66
-54
61
145
156
162
184
194
117
25
-70
-101
-42
26
