-68
-18
52
71
80
122
171
172
129
93
86
59
17
-24
-39
-20
-52
-91
-65
-33
-35
-7
73
150
199
200
162
112
82
84
103
102
48
-9
16
115
164
123
64
22
20
41
39
6
-10
-19
-1
56
99
96
69
52
51
56
60
52
44
60
88
114
80
-1
-42
-30
-7
13
33
39
42
17
1
40
73
58
25
6
10
53
113
154
138
77
19
-11
-21
-27
-26
-23
-24
-23
-12
25
53
56
72
118
164
149
86
34
8
-18
-33
-17
44
97
80
41
48
92
128
138
119
56
-4
-6
7
-1
-2
23
59
77
54
33
52
72
75
58
28
8
-7
8
57
88
73
42
17
8
25
64
88
88
52
33
26
5
-11
-17
2
33
25
10
26
49
38
25
26
36
51
76
71
44
28
-6
-69
-87
-22
82
162
195
200
199
193
183
152
72
3
-11
-14
4
29
6
-52
-57
-2
65
117
172
213
219
196
162
112
28
-34
-68
-92
-118
-114
-43
58
138
138
98
108
147
148
122
86
37
-23
-61
-62
-41
20
112
188
208
194
181
144
73
16
-46
-101
-110
-105
-93
-55
28
106
140
133
117
141
124
39
-23
-33
-9
40
91
123
130
160
203
210
153
60
-1
-28
-39
-38
-13
-9
-29
-7
44
67
70
58
53
75
102
106
85
64
64
68
66
64
56
53
72
114
161
181
146
97
37
-7
-8
18
24
-11
-66
-68
-33
-19
-36
-36
-22
-5
34
114
165
188
213
204
146
60
-27
-99
-89
-23
41
96
135
145
150
162
152
119
71
22
-7
-13
-21
-24
-12
-9
-20
3
61
96
91
71
32
-7
3
50
40
19
38
77
123
149
122
77
33
8
41
105
133
119
108
119
132
132
105
56
-5
-30
-23
-22
-25
9
74
90
45
5
38
87
76
44
1
-85
-141
33
116
120
74
51
36
21
20
-5
-34
4
85
133
156
176
154
96
49
25
3
-35
-53
-21
37
106
160
151
73
-9
-10
36
45
50
69
105
129
106
97
123
138
102
24
-14
0
-1
-24
-13
26
58
89
85
59
43
71
133
132
56
-20
-49
-7
59
89
59
2
-49
-23
88
148
129
104
88
88
90
89
99
122
134
93
45
34
67
123
131
92
73
64
42
23
40
67
70
58
6
-4
98
215
212
124
84
101
74
11
2
35
25
-24
-23
59
148
178
147
114
120
131
108
67
3
-88
-151
-140
-91
-40
21
118
228
243
185
149
133
77
2
-28
-35
-60
-78
-68
-51
-55
-56
-17
41
89
118
121
123
115
98
96
99
58
-26
-90
-65
12
87
153
181
150
87
43
55
64
12
-42
-49
7
40
12
11
93
163
163
136
140
151
128
87
44
3
-29
4
32
54
119
165
116
33
-9
1
25
24
-1
-10
28
66
44
5
-11
-51
-91
-82
8
100
138
145
138
138
130
76
26
10
25
88
140
124
97
113
115
71
35
35
4
-73
-119
-91
-50
-71
-198
-282
-170
27
131
133
148
198
230
199
120
45
8
-10
-33
-55
-61
-27
19
53
66
48
81
182
242
214
152
91
42
-2
-41
-68
-36
80
179
198
128
23
4
51
70
35
-25
-58
-2
123
124
65
19
22
54
92
133
145
119
118
160
196
184
130
80
44
20
-22
-76
-71
-28
-25
-45
-36
27
124
177
136
52
9
8
25
41
22
-49
-106
-109
-67
7
85
118
136
116
73
65
89
88
66
82
107
81
20
-58
-114
-99
-40
-19
-14
2
41
120
198
210
164
106
60
22
2
5
27
58
38
-34
-115
-134
-101
-33
71
144
134
85
102
146
133
89
85
117
121
113
120
163
180
129
56
27
25
-25
-58
-8
48
48
49
89
113
103
106
120
105
74
83
67
16
-8
19
88
145
153
112
26
-5
58
109
80
21
-8
4
41
83
83
42
10
21
51
33
-22
-28
19
86
122
128
140
138
115
55
-20
-35
9
66
117
118
83
77
102
103
38
-46
-107
-100
-34
19
48
50
35
10
-33
-51
3
57
65
57
107
180
213
197
144
97
48
-6
-10
33
45
-4
-11
34
59
80
105
113
102
99
96
73
42
43
33
-27
53
25
41
104
139
105
40
-1
-18
-27
-39
-7
64
137
187
188
167
146
116
37
-85
-145
-85
17
50
10
-12
-19
-36
-25
34
84
104
113
72
37
52
86
83
44
28
43
68
101
140
138
52
-65
-145
-103
3
99
147
163
168
172
151
89
37
28
40
24
-17
-10
64
118
96
7
-8
-30
17
130
182
140
97
96
117
150
168
122
48
21
71
112
114
86
76
107
103
19
-65
-46
27
52
10
25
107
152
140
124
90
36
29
87
102
8
-82
-53
22
69
83
83
90
85
87
70
2
-33
-10
3
-19
-54
-78
-40
77
195
219
182
147
134
145
162
161
121
52
-20
-29
-11
-14
-55
-93
-84
-52
-27
21
96
154
165
160
164
149
105
64
32
5
10
55
58
-4
-84
-102
-51
-21
-29
2
81
133
154
177
195
184
136
66
24
17
26
40
40
38
41
41
55
73
69
80
100
85
37
9
28
45
12
-9
3
25
10
-14
-8
6
17
64
144
218
240
134
73
23
5
23
67
90
67
34
18
-18
-82
-109
-72
-18
43
107
184
252
267
244
199
118
26
-52
-78
-53
-21
-19
-45
-70
-65
-13
51
93
73
22
34
101
128
76
2
-30
-6
21
17
22
26
24
25
40
80
99
65
22
18
19
-3
-37
-67
-67
-43
-40
-54
-38
17
57
52
33
22
53
121
176
180
152
96
67
68
56
29
-2
-20
-17
-17
6
77
135
160
180
196
183
161
128
56
-12
-30
-8
16
37
77
101
98
103
116
134
145
117
64
43
69
72
59
82
135
162
139
93
55
52
85
134
120
41
26
89
120
102
100
102
88
80
85
102
91
28
-26
-42
-5
28
21
12
58
113
118
99
101
97
42
-30
66
82
54
-9
-69
-66
-8
57
100
115
132
137
135
147
105
22
-43
-73
-68
-59
-65
-24
51
55
25
41
74
133
195
202
180
169
163
124
61
25
13
-17
-77
-116
-100
-39
4
0
-3
33
96
146
169
186
155
100
74
75
64
24
-9
-25
-8
26
44
35
42
58
68
72
65
36
4
-20
-43
-10
61
102
99
118
167
178
112
21
-26
-78
-140
-166
-106
6
88
109
98
54
0
20
84
106
105
135
164
147
113
69
10
-7
3
5
25
70
106
124
132
121
102
71
25
2
18
55
54
40
74
136
153
131
122
151
178
168
155
144
129
92
49
29
34
40
65
54
-14
-51
-21
13
24
29
40
13
20
96
114
97
86
75
77
109
132
88
-27
-152
-151
-27
64
56
20
53
119
153
154
138
103
38
-36
-67
-40
3
38
72
102
100
76
81
96
104
98
73
28
-8
-13
1
19
7
-35
133
163
165
181
198
193
137
56
-11
-46
12
5
5
38
60
76
107
120
81
28
-19
-56
-35
1
1
-33
-24
83
183
201
162
116
91
42
-22
-88
-137
-120
-43
32
85
138
189
218
215
147
16
-57
-21
3
-26
-17
57
124
151
146
144
137
77
-13
-84
-76
-8
54
39
-22
-21
49
106
133
129
102
60
52
72
74
53
4
-97
-162
-108
2
27
-21
0
105
202
225
186
151
138
119
103
97
96
57
5
-29
-45
-34
12
88
138
129
117
146
165
128
65
10
-18
-36
-40
-34
-18
12
57
88
49
-29
-52
4
72
86
84
101
117
122
117
130
100
2
-72
