61
56
9
-26
-5
55
105
100
43
13
22
26
26
8
-21
-14
29
69
74
50
33
52
102
124
74
6
19
76
97
73
76
113
92
57
60
70
53
37
50
59
32
-21
-8
35
91
151
165
150
164
179
151
116
85
39
19
36
42
11
-12
-45
-88
-81
-54
-27
1
24
52
124
199
201
148
112
91
60
34
-7
-49
-66
-66
-59
-34
2
5
18
56
135
212
198
125
96
108
97
68
70
45
-4
-1
34
54
60
42
21
24
67
124
136
117
73
25
12
8
-27
-55
-45
-35
-38
-50
-8
84
132
115
81
71
101
138
132
86
38
42
83
100
80
58
53
42
29
4
-42
-73
-20
67
119
123
107
121
162
184
145
49
-45
-84
-72
-54
-23
13
40
33
51
130
197
193
121
65
43
9
-28
-37
-18
0
17
60
58
19
59
156
164
75
33
69
106
103
96
109
133
145
123
65
22
41
88
84
1
-84
-81
-19
10
22
40
59
59
59
77
84
80
87
87
67
36
0
-11
-11
-29
-55
32
37
25
42
91
116
84
64
87
65
-22
-101
-104
-43
21
32
22
55
116
151
149
134
104
60
25
24
55
101
117
74
-9
-68
-50
-4
50
87
61
12
-3
19
68
69
-7
-60
-22
45
98
124
161
200
196
165
148
108
60
32
0
-23
-28
-19
16
50
74
99
115
132
163
162
101
54
64
88
41
-81
-124
-70
-18
-7
10
53
88
137
154
119
89
76
58
57
80
120
132
129
138
140
87
36
50
74
74
68
83
116
123
72
43
71
86
70
16
-22
7
52
75
61
27
16
40
92
137
144
130
88
84
123
137
98
45
19
8
21
27
-4
-56
-67
-24
40
52
2
-13
44
128
163
138
60
-4
4
70
120
122
96
49
9
9
33
59
74
61
32
-25
-99
-113
-41
53
102
97
107
154
194
188
154
86
7
-33
-56
-106
-145
-92
12
87
120
137
153
171
168
138
76
34
17
2
-10
-12
-4
-43
-71
-25
76
128
106
107
154
181
146
90
80
91
96
59
21
54
135
186
195
122
-6
-54
4
70
49
-40
-71
-20
42
67
80
115
156
186
183
106
13
-28
10
71
87
59
25
13
41
77
85
51
4
-34
-66
-51
12
58
36
-1
20
57
42
12
37
92
136
135
113
119
147
123
72
52
74
66
-1
-27
17
50
43
44
59
66
56
49
32
32
51
68
54
12
-9
27
87
98
69
53
92
123
155
188
121
-5
-81
-41
41
74
84
131
186
214
182
128
86
55
11
-66
-129
-107
-54
-1
87
160
152
123
129
153
145
92
52
40
27
20
13
-1
-8
-6
-13
-28
-46
-42
17
52
25
-22
-84
-117
-97
-45
16
73
123
157
166
161
129
41
-49
-69
-28
-20
-38
-34
13
41
32
36
58
59
58
81
87
83
60
10
-13
20
99
122
50
-26
19
134
173
113
41
38
81
114
136
116
44
-39
-62
-34
-33
-23
54
131
169
184
161
116
85
54
22
-13
-42
-35
4
36
67
101
107
105
114
128
121
101
84
71
56
43
13
-6
-17
-36
-68
-84
-70
-19
35
60
57
76
134
179
151
89
44
54
122
173
161
154
135
84
11
-67
-119
-99
-18
25
23
67
125
132
104
89
109
108
70
27
-33
-109
-133
-42
53
90
90
86
81
97
108
71
-26
-137
-168
-124
-59
5
83
154
172
168
205
217
171
118
104
86
34
-30
-98
-136
-113
-33
21
52
115
172
171
153
144
128
80
34
0
-2
9
24
54
76
52
13
3
39
116
153
109
28
1
10
33
34
-18
-74
-49
20
52
22
-7
25
107
134
82
25
16
41
42
-8
-54
-89
-71
3
55
42
53
138
171
105
32
3
-6
-5
2
1
-28
-67
-41
49
133
135
121
136
141
136
136
123
85
42
26
19
1
-3
-17
-45
-27
5
33
51
81
138
185
160
120
116
106
80
64
55
8
-39
-14
56
90
77
64
89
152
153
76
8
-10
4
25
51
88
112
86
52
40
43
49
53
58
56
92
108
72
38
36
41
42
50
66
101
125
124
115
99
58
5
-6
48
85
50
-8
-22
13
89
129
103
42
-2
9
59
84
58
36
16
-1
22
86
139
151
125
96
92
109
124
131
97
48
42
58
39
-18
-60
-35
37
81
102
149
155
100
52
12
32
98
75
-3
-18
54
131
144
115
85
65
56
73
104
107
69
34
36
36
-17
-42
1
32
-4
-27
23
105
153
160
122
71
51
73
97
80
44
29
45
76
74
49
37
38
6
-43
-55
-21
23
36
32
60
103
103
85
72
82
107
121
82
42
60
108
141
134
99
67
24
-18
-13
6
0
-26
-50
-76
-72
24
124
106
48
39
89
123
103
72
52
41
53
69
73
74
83
85
61
16
-17
-10
7
19
-4
-55
-82
-58
-33
-10
-4
-21
-24
-17
-1
42
121
186
195
189
181
172
160
89
13
-19
-19
-30
-23
41
122
156
156
149
104
38
-11
-12
16
26
13
24
76
133
129
43
-68
-75
44
151
117
4
-40
2
57
67
48
65
89
98
69
12
-5
33
66
67
40
11
5
25
77
100
69
9
-43
-43
3
54
122
172
152
103
102
136
128
66
3
-10
33
100
113
68
35
52
103
139
141
109
71
55
48
12
-21
-6
4
-17
-38
-28
4
44
69
82
88
92
106
128
114
91
102
87
36
20
41
44
12
-9
-10
-21
-50
35
38
4
6
69
123
139
128
124
134
116
76
53
40
41
32
23
51
97
113
130
152
167
176
165
128
103
121
149
124
41
-43
-69
-23
58
91
53
28
73
133
150
116
49
-26
-70
-50
-10
1
19
26
34
27
9
16
39
54
53
43
44
32
-6
-19
5
21
26
6
-10
9
65
118
120
89
85
90
97
84
50
17
20
18
-9
-19
43
113
91
48
73
152
155
64
-6
16
82
118
122
105
113
162
156
76
5
6
20
13
27
64
72
43
13
6
8
6
38
76
73
33
9
42
91
71
9
1
19
34
65
112
161
172
138
68
40
84
121
105
70
54
81
98
85
88
108
100
103
135
149
124
87
64
38
16
3
13
59
116
176
202
197
169
118
72
41
34
-8
-42
-19
49
128
164
122
26
-35
-42
-29
-24
-3
56
104
89
28
-13
-3
29
51
52
49
38
37
53
90
122
108
56
41
64
36
-53
-89
-24
59
77
10
-55
-17
60
101
117
113
58
8
25
58
57
24
34
77
60
0
-35
-18
25
67
88
102
92
50
-10
-28
16
49
68
84
74
44
26
50
67
42
7
-11
-29
-45
-22
10
45
90
114
97
58
57
105
135
109
80
67
69
60
38
33
38
11
-23
-34
-14
12
35
41
41
37
40
23
-25
-34
19
59
71
82
102
132
156
149
101
48
41
27
-22
-54
-23
26
48
3
-36
32
138
184
168
151
134
120
114
76
35
2
-46
-126
-163
-105
13
120
153
147
164
173
180
173
115
22
-40
-138
-172
-148
-72
50
173
221
196
165
161
155
124
75
7
-57
-87
-70
-40
27
42
-18
-54
-12
50
74
44
12
-3
0
48
106
134
102
58
54
70
49
-6
-59
-109
-116
-43
77
178
213
210
225
210
122
40
-4
-4
33
64
85
123
141
106
76
72
57
21
-11
-21
-1
72
155
171
166
135
80
19
2
27
50
53
35
10
8
48
150
214
155
58
53
99
129
125
71
-10
-83
-142
-155
-81
12
71
