68
-3
-40
-51
-25
4
27
36
34
57
20
-59
-72
-33
24
69
109
136
125
136
161
130
26
-40
-29
7
24
6
13
27
22
42
124
183
165
146
163
171
138
73
4
-45
-75
-94
-97
-75
-34
57
101
66
6
-21
66
186
209
138
87
86
90
91
86
90
85
41
-10
-42
-30
-7
23
58
56
22
7
38
97
115
68
16
35
89
80
0
-52
-2
61
50
-7
-42
-37
28
102
115
67
21
48
105
128
98
57
42
28
-10
-40
-24
-2
-7
17
72
99
114
125
112
57
43
54
42
24
17
55
107
84
4
-58
-53
-17
-13
-10
27
83
122
147
121
40
-26
-45
-17
26
22
1
25
58
58
64
67
69
72
72
64
70
104
118
92
34
-7
7
18
-9
-40
-72
-78
-59
-13
35
71
100
104
118
151
182
194
188
168
122
91
85
105
76
-13
-117
-142
-78
18
97
113
74
51
90
123
86
6
-21
-7
-2
4
41
76
92
115
123
83
25
44
129
194
150
33
-37
-22
27
41
0
-33
-8
44
89
108
118
120
121
144
149
113
53
5
10
35
-2
-58
-56
-11
2
-11
-9
-8
-14
13
48
24
-21
-40
-10
42
54
41
52
81
96
123
168
101
48
50
87
109
86
40
39
68
71
39
27
66
102
86
60
28
-1
-12
8
51
50
6
7
37
44
20
-4
13
41
21
-11
2
80
160
193
185
150
105
75
65
53
-1
-56
-40
20
17
45
104
97
80
82
89
105
148
192
176
116
83
83
72
26
-34
-74
-84
-67
-53
-28
20
64
56
-5
-41
-27
4
26
11
-5
11
85
171
187
140
89
74
68
53
40
27
23
-11
-70
-102
-101
-67
-12
19
12
-4
19
81
102
81
70
57
-5
-49
-17
28
84
136
185
182
167
180
171
137
91
55
7
-17
13
82
129
115
90
113
136
101
51
52
37
-19
-49
-5
67
86
87
114
153
165
106
34
24
40
28
24
23
-7
-22
2
13
21
45
34
-8
-17
58
147
173
166
161
167
153
135
119
69
19
26
49
72
92
97
107
121
104
23
-57
-68
-46
1
92
165
195
209
218
203
162
103
34
-7
2
29
32
16
16
10
2
10
6
-12
13
91
149
160
139
128
128
115
72
2
-30
-11
-10
-41
-57
9
117
169
185
192
164
105
49
19
6
-19
-19
27
74
119
149
139
115
108
102
85
65
23
-19
-52
-81
-87
-51
8
64
91
117
132
106
56
16
2
-17
-67
-116
-102
-41
41
107
136
152
168
167
129
66
21
-10
-56
-51
-11
-28
-57
-26
56
154
203
188
151
103
64
38
39
27
-34
-100
-82
1
71
82
99
130
82
-25
-60
-17
11
20
20
6
-13
-14
-13
-9
18
61
96
119
129
149
186
203
182
106
26
-12
-42
-37
-11
-102
-82
-27
60
148
148
107
120
162
167
139
97
53
35
45
77
84
56
26
-25
-119
-170
-137
-61
-12
10
33
102
196
200
146
102
76
81
72
35
1
-8
8
44
76
98
102
83
28
-11
-14
-18
-22
-29
-53
-59
-25
37
107
131
106
81
72
99
99
34
-35
-35
65
177
194
146
117
124
147
151
133
83
9
-25
-9
22
51
55
40
28
35
50
50
59
92
107
102
89
67
17
-38
-97
-77
16
96
132
166
228
265
240
186
137
104
88
77
51
-6
-45
-11
51
82
72
51
61
99
140
167
164
151
105
52
49
72
81
84
86
75
43
1
3
27
58
51
-11
-36
32
101
123
113
99
123
138
106
65
33
4
-10
4
34
42
57
132
215
229
189
164
137
97
57
-4
-83
-155
-174
-105
-35
-3
18
70
129
167
178
171
134
51
13
2
-2
38
97
123
107
74
35
12
12
24
36
29
37
77
112
92
48
24
10
-43
-123
-149
-106
-11
42
25
12
50
135
200
156
68
34
60
74
55
19
-29
-36
43
102
98
89
81
98
138
132
72
5
-19
-7
-6
-28
-66
-55
-10
11
5
0
21
69
134
181
149
91
71
73
93
115
103
29
-28
-12
27
59
55
41
40
40
64
118
181
184
144
109
91
73
41
11
18
59
84
70
41
28
59
92
99
70
39
17
9
11
5
3
8
26
40
40
56
73
58
51
76
99
84
67
86
120
134
128
133
134
102
54
41
57
60
34
-20
-50
-34
-25
-2
40
21
19
72
124
144
135
108
87
54
-9
-20
51
81
38
26
76
107
113
117
120
81
20
1
29
88
113
84
50
28
55
75
54
1
-40
-49
25
27
-5
-10
35
86
82
57
68
87
100
103
106
87
32
-33
-66
-58
-28
13
34
28
52
106
130
96
53
56
113
106
38
-2
21
28
-10
-55
-83
-70
33
146
203
251
273
250
213
106
25
-26
-45
-51
-56
-54
-56
-52
-36
-27
-25
28
132
186
136
133
155
134
50
-33
-40
8
45
59
56
42
22
27
65
91
84
60
28
-5
-27
-8
42
71
80
100
152
192
176
144
115
83
53
53
41
-5
-77
-101
-71
-28
7
35
58
116
184
184
129
84
54
34
22
11
7
-13
-43
-45
-12
1
-51
-109
-116
-81
-28
67
176
208
180
147
145
156
128
26
-62
-70
-25
-8
13
60
131
186
172
124
100
77
58
25
-3
22
87
88
48
33
53
74
75
66
26
-38
-70
-45
8
32
-6
-27
42
133
141
92
69
99
144
139
66
-27
-40
32
100
116
91
51
25
39
49
33
-13
-54
-18
60
104
130
156
144
108
101
90
66
59
81
64
7
-21
13
68
76
33
-18
-19
35
89
108
115
129
90
19
0
28
41
25
-1
-53
-69
-6
57
101
150
208
210
162
144
112
20
-54
-51
-33
-54
-67
-37
28
73
57
40
58
72
56
43
50
69
76
72
23
-6
33
85
91
74
91
136
130
73
43
74
105
84
60
82
74
37
0
-10
7
28
12
-20
5
76
125
136
134
105
77
71
74
83
67
25
-33
-82
-108
-92
-52
-10
25
69
105
120
108
100
101
50
4
-2
-2
-3
-7
-7
-6
-27
-54
-26
44
96
96
57
38
56
52
19
-2
21
69
90
102
132
156
155
154
120
9
-87
-58
23
49
40
53
77
57
13
4
25
69
130
141
89
53
92
141
133
70
4
-33
-21
23
32
-7
22
119
136
100
112
167
194
166
124
102
86
60
26
9
35
82
108
109
99
56
13
-25
-71
-81
-37
9
56
103
129
145
168
183
141
61
2
-36
-51
-10
49
44
-12
-43
3
70
98
71
22
8
34
75
141
182
147
81
66
120
146
102
35
-9
-35
-53
-40
10
51
64
107
163
181
183
169
108
49
24
-5
-97
-166
-139
-43
55
96
58
43
101
155
154
136
119
85
52
17
-28
-39
21
101
128
120
112
128
149
108
16
-70
-110
-113
-50
42
84
66
41
32
48
76
81
49
52
113
172
179
128
73
52
54
70
66
41
22
10
12
16
-8
-55
-75
-71
-21
41
70
74
83
72
40
44
107
187
228
200
134
97
112
109
48
-26
-58
-65
-75
-89
-51
24
74
81
83
109
128
108
74
75
114
131
100
54
53
96
151
135
55
5
36
96
109
70
36
48
88
114
106
57
-12
-38
-3
23
29
28
33
52
73
85
67
57
48
-3
-34
5
51
59
65
69
98
151
157
103
49
37
40
19
-10
-19
-14
-21
-57
-114
-161
-151
-76
12
86
184
245
246
243
262
260
193
65
-71
-57
-59
-49
-3
26
23
16
32
85
108
80
44
49
66
71
