-187
-180
-171
-167
-183
-252
-331
-327
-275
-276
-306
-281
-228
-168
-125
-123
-119
-113
-139
-170
-173
-142
-102
-56
-33
-54
-105
-130
-58
11
11
-13
-18
17
80
98
82
91
115
156
194
214
225
235
247
257
291
340
369
363
348
331
310
305
295
259
220
187
181
193
193
176
146
125
96
49
11
18
73
131
129
100
123
164
134
43
-38
-83
-102
-135
-154
-136
-87
-54
-65
-117
-152
-131
-102
-138
-241
-341
-359
-266
-137
-66
-81
-149
-216
-229
-219
-231
-259
-253
-233
-228
-212
-161
-118
-137
-221
-276
-236
-156
-117
-130
-116
-50
1
3
-28
-69
-109
-155
-166
-132
-81
-59
-81
-108
-91
-27
40
59
48
40
36
33
34
40
32
12
4
-25
-51
-25
26
57
36
16
51
98
112
101
90
82
91
103
77
52
82
148
169
103
40
67
122
129
83
52
66
91
105
109
115
123
139
112
89
105
119
131
154
192
196
145
121
132
116
112
148
197
184
137
138
185
216
201
181
196
200
172
137
115
140
172
162
134
109
35
-38
-13
83
186
161
135
149
172
150
85
80
153
227
234
195
151
155
171
131
67
51
57
41
18
13
64
152
197
148
58
24
41
85
137
164
146
118
85
65
65
48
34
27
57
112
157
179
155
122
98
74
50
20
-22
-35
27
122
160
128
103
104
106
114
117
99
89
101
65
-13
-37
-2
40
85
117
119
104
104
109
83
51
8
-50
-62
11
89
115
117
128
106
74
89
115
97
72
45
4
-14
0
6
-13
-3
69
140
163
156
160
104
61
71
73
38
25
53
77
89
106
113
89
74
87
98
76
52
52
53
51
29
-7
-40
-50
-78
16
116
145
131
145
172
176
144
85
1
-72
-114
-101
-7
106
154
146
149
171
152
118
101
100
71
21
-13
-21
-4
23
42
42
41
38
5
-10
12
35
37
11
-9
-5
-7
-51
-73
-4
113
195
228
260
290
289
261
200
101
8
-24
-35
-30
-11
19
50
49
45
44
19
10
34
51
42
35
64
107
97
39
-22
-43
10
96
137
130
99
72
80
87
75
65
41
-22
-107
-89
70
187
139
66
92
136
163
180
171
155
128
68
42
73
99
84
34
11
34
39
-1
-27
-17
16
69
100
85
68
68
81
69
32
12
-2
-27
-17
22
26
9
32
81
101
81
36
24
69
133
178
160
90
44
55
74
69
45
4
-38
-61
-46
-1
38
18
-46
-73
-21
81
165
188
153
117
131
139
91
6
-50
-65
-52
-49
-65
-56
-1
64
85
103
166
209
165
88
53
39
19
-10
-50
-67
-22
35
49
29
19
52
91
105
104
135
169
161
139
141
140
107
8
-115
-193
-138
-6
86
113
125
172
216
228
205
167
123
72
1
-69
-70
-14
21
19
8
3
5
16
59
103
114
118
73
-6
-61
-50
20
88
114
116
134
173
178
102
5
-43
-41
-38
-74
-99
-56
12
70
60
-9
-51
-4
91
196
257
228
131
52
40
76
70
-4
-61
-42
27
89
77
22
-28
-57
-49
-9
21
4
-27
-5
44
73
82
114
151
145
104
74
102
148
141
73
18
45
99
75
25
36
83
75
23
21
87
132
137
123
85
58
45
35
41
49
59
51
17
-3
26
90
130
105
44
20
55
101
117
88
35
-13
-33
4
64
89
64
-1
-57
-76
-40
44
123
130
81
45
42
38
44
68
60
40
42
49
11
-23
-6
22
48
70
85
121
202
202
119
83
34
-40
-99
-102
-36
38
53
42
89
153
167
121
85
141
196
137
0
-99
-109
-88
-55
-11
29
57
83
108
138
165
183
171
130
67
34
52
58
28
-2
12
51
41
-7
-30
-7
26
37
49
60
50
29
33
48
70
91
129
163
168
133
55
7
19
4
-50
-90
-114
-110
-107
-65
23
105
173
224
232
201
169
150
130
73
-12
-71
-56
-40
-37
-3
33
8
-6
52
125
139
137
129
104
92
60
5
-13
5
26
44
69
96
103
75
33
-1
-17
-29
-30
-12
-26
-42
-2
35
45
80
116
88
40
45
108
118
67
38
53
92
122
103
70
70
83
58
11
-11
0
42
93
104
71
29
22
25
12
7
9
-11
-22
44
121
97
26
21
80
112
73
12
-8
35
89
106
100
58
33
40
28
24
48
65
33
-18
-49
-39
-1
37
27
-7
-35
-22
28
73
80
73
99
148
172
167
147
122
103
64
11
-22
-30
-17
-24
-28
32
136
216
208
147
74
18
24
71
99
84
53
54
73
84
88
74
34
22
37
-1
-67
-71
-50
-66
-71
-38
-9
21
83
140
156
124
101
114
123
116
108
119
113
77
39
-1
13
57
44
7
8
21
29
83
149
141
52
-46
-70
-43
-22
1
6
9
22
55
130
148
118
104
102
116
119
105
105
123
135
123
87
71
70
45
13
12
43
86
114
98
7
-102
-125
-65
18
59
34
1
35
98
129
114
80
27
4
23
57
64
16
-33
-1
92
140
124
92
75
86
100
93
55
8
-42
-107
-138
-70
88
192
166
115
112
146
193
214
180
123
86
68
65
58
18
-34
-51
-29
-17
-25
-29
-33
-34
4
71
120
152
176
197
218
227
179
99
39
-22
-83
-89
-69
-25
35
57
28
4
49
134
185
209
195
114
26
-42
-85
-52
-1
25
25
36
104
177
182
146
109
74
37
2
-25
-25
-23
-42
-36
3
41
69
61
34
24
40
54
42
23
10
19
44
75
88
107
145
154
148
132
101
64
60
76
35
-49
-76
-12
60
81
67
60
75
102
123
112
73
43
33
12
10
45
92
106
72
26
7
32
56
33
-19
-19
-9
7
68
112
100
61
54
71
74
64
45
27
-4
-10
9
51
69
26
-8
2
40
107
147
115
49
-11
-23
34
96
67
24
61
120
130
120
124
87
26
-2
20
52
36
7
1
6
-4
-5
6
16
7
-19
-13
69
180
179
86
32
52
107
140
128
100
97
120
122
90
71
54
8
-69
-155
-194
-141
-49
-36
-57
-6
77
102
66
43
90
150
162
116
32
-14
26
74
57
-7
-52
-21
52
92
87
97
116
99
69
44
11
-7
-13
-18
-23
-13
6
53
118
163
135
93
98
134
136
83
27
44
115
160
157
133
104
73
52
49
20
-26
-20
52
98
99
109
124
107
65
53
73
72
19
-29
-19
25
48
27
25
37
57
98
124
103
28
-22
26
113
128
83
69
128
209
243
224
164
93
29
-21
-57
-76
-60
-21
-24
-45
-3
100
187
201
173
151
151
148
108
69
48
22
-7
-35
-58
-53
-60
-114
-121
-24
87
129
123
113
97
72
53
39
36
34
12
6
25
55
68
53
19
-9
8
61
70
40
32
68
96
85
59
57
65
36
-11
-8
51
60
4
-38
2
99
160
156
119
57
6
-23
-70
-115
-90
7
135
178
121
81
114
155
156
118
60
3
-26
-35
-105
-129
-106
-61
3
72
93
113
194
275
245
145
42
11
56
93
99
104
113
113
102
89
56
22
-2
4
49
97
122
118
114
115
115
82
18
-26
-2
58
82
81
98
141
187
146
28
-28
-9
23
49
68
59
43
43
68
81
43
5
23
87
123
107
74
42
33
27
7
11
24
-29
-87
-39
76
180
214
185
151
208
215
154
41
-43
-85
-119
-138
-85
-8
7
-18
7
122
228
272
244
188
131
93
76
44
-6
-56
-61
-26
37
98
102
57
26
21
4
-13
-42
-109
-162
-156
-59
98
178
150
124
148
168
160
150
129
88
60
57
51
33
3
-40
-71
-67
-34
-6
21
61
67
72
80
56
17
