148
146
145
101
22
-55
-82
-39
52
120
85
23
32
73
107
105
67
41
69
74
38
22
39
57
53
72
96
109
141
161
135
72
25
-6
-56
-82
-66
-57
-27
20
45
10
-58
-70
-5
53
80
86
83
125
194
204
156
119
106
70
10
-46
-89
-102
-84
-58
-37
-24
1
56
135
184
147
97
115
118
81
52
48
68
102
117
73
-25
-97
-92
-25
44
96
114
108
115
123
109
73
76
107
107
88
103
153
189
180
122
39
-11
9
23
-1
7
60
101
93
60
55
75
100
116
106
58
-3
-14
-5
-37
-54
-1
70
124
177
209
203
180
122
45
-10
-43
-35
0
51
82
36
-27
-39
7
53
59
50
54
81
101
91
65
26
-36
-41
-10
-7
-11
3
35
69
105
114
103
109
125
144
144
83
-17
-82
-22
2
-13
-11
61
120
107
84
74
77
81
80
90
98
85
37
-17
-24
20
41
2
-20
9
73
98
61
32
44
77
116
124
109
102
117
149
166
150
105
57
34
35
50
37
6
-10
-17
-5
43
96
123
144
167
161
133
125
140
128
80
40
27
-6
-75
-140
-138
-59
3
8
-5
-5
35
83
101
113
123
90
23
-13
-13
6
-6
-50
-71
-41
18
84
132
150
151
120
100
108
116
101
53
-25
-73
-40
25
59
53
32
6
13
55
112
118
67
-11
-72
-74
-14
58
102
139
178
166
98
23
0
20
40
52
58
40
19
23
60
89
93
87
49
6
12
76
160
181
144
74
-9
-29
29
101
105
64
18
-20
-43
-38
11
88
114
55
-24
-34
38
129
154
97
22
48
121
132
89
90
130
77
-30
-77
-53
-5
37
90
96
57
73
99
117
150
168
145
102
97
104
88
86
97
87
28
-58
-118
-103
-55
-17
12
74
145
188
200
144
69
66
103
104
50
-19
-29
20
75
90
68
40
51
104
155
157
132
56
-56
-107
-75
-50
-51
-7
82
153
168
165
169
151
80
-17
-55
-27
10
35
53
73
82
98
107
91
72
40
2
-1
39
55
5
-68
-77
-17
-10
-35
3
101
178
188
163
124
84
67
56
29
1
-6
16
20
10
27
70
70
36
32
52
32
29
77
90
72
65
80
83
68
29
7
12
4
-14
6
67
101
97
115
205
241
183
116
86
60
38
21
-1
-28
-45
-45
-2
50
80
76
76
61
38
59
108
102
37
17
58
85
74
89
128
122
67
13
-6
-11
-4
-11
-61
-83
-72
-50
-14
3
10
36
97
138
131
118
139
178
103
27
3
16
42
49
36
27
44
89
103
55
35
71
104
65
-52
-141
-87
28
12
-67
-70
26
146
203
216
213
167
119
84
41
-3
-53
-68
-35
23
53
68
90
96
103
136
162
139
74
20
4
-28
-71
-83
-39
54
150
169
133
96
85
99
87
38
-36
-98
-113
-82
-25
12
10
-33
-42
36
130
183
188
137
84
83
104
120
93
64
66
106
124
57
-17
3
26
-9
-71
-104
-56
42
148
199
166
97
52
67
96
35
-57
-93
-90
-105
-56
33
67
60
100
134
115
92
80
77
73
39
13
8
8
-5
-37
-43
-9
71
163
172
120
65
44
59
60
17
3
-2
-4
36
96
133
136
82
-1
0
91
189
228
200
149
117
134
147
67
-43
-85
-35
22
49
57
68
74
32
-34
-17
66
147
156
106
90
112
134
133
97
49
1
-25
4
48
61
36
6
22
82
114
100
58
23
42
59
35
10
3
-5
41
148
221
214
160
98
43
18
12
22
32
50
43
13
19
25
-6
-43
-30
3
5
8
49
101
133
102
85
120
134
97
52
48
64
54
21
-10
5
53
50
35
34
25
32
54
87
102
90
100
146
180
183
154
90
39
7
-9
-21
-29
-21
-11
-24
-28
1
24
27
55
113
114
54
8
4
11
48
84
83
32
1
18
13
8
18
49
68
60
53
51
66
60
25
-5
-18
-33
-59
-58
-42
-50
-42
-4
67
129
135
115
121
149
166
136
67
5
-25
-9
28
56
61
55
41
29
12
-17
-19
18
17
-33
-34
27
72
76
74
98
151
203
201
152
105
84
73
40
4
-3
16
33
51
101
166
183
141
87
38
-1
-14
-18
-33
-91
-122
-45
59
92
85
96
100
101
123
137
130
112
81
68
102
104
27
-72
-134
-82
27
85
74
72
109
171
198
164
91
13
-35
-37
-17
-7
16
61
52
-12
-34
32
129
164
121
66
65
136
209
220
208
185
151
112
101
75
4
-89
-147
-142
-97
-22
27
67
98
120
150
161
120
58
23
25
57
64
37
-11
-35
-11
4
-11
-35
-10
20
34
42
49
44
59
101
124
105
57
32
29
41
34
3
8
61
117
137
131
140
139
66
-19
-49
-22
21
41
29
-3
-19
2
26
55
60
0
-71
-83
-19
53
112
149
131
101
99
86
66
43
22
18
6
3
21
41
54
49
35
70
112
96
72
100
136
117
54
2
-9
-3
-17
-36
-26
42
99
122
129
113
99
97
109
118
91
58
57
69
57
32
12
33
75
86
77
92
122
129
102
90
82
44
5
3
34
50
35
23
51
131
153
84
10
-18
-1
57
121
150
134
132
154
168
146
75
13
34
74
75
27
-12
-18
-6
16
48
68
74
87
97
122
153
122
10
-90
-118
-99
-77
-58
-54
-19
48
106
139
136
125
119
129
131
81
-2
-40
-34
-20
-7
-10
-42
-62
-22
54
113
140
166
156
106
70
90
105
58
-1
-38
-71
-85
-46
13
60
86
115
99
60
59
90
120
115
68
16
-14
-39
-61
-50
-20
-23
-24
40
84
49
27
51
76
98
103
105
103
85
76
67
34
-11
-23
-1
-17
-26
25
124
202
240
233
181
114
70
51
7
-53
-74
-65
-54
-40
-25
16
74
112
92
43
26
75
118
80
33
80
153
156
112
101
113
96
69
53
37
32
25
3
1
58
114
96
23
-4
37
92
135
172
138
118
106
96
67
35
39
51
6
-55
-36
75
162
163
135
108
97
72
25
-4
9
23
-12
-69
-65
-26
-38
-89
-60
59
153
172
167
179
197
192
150
90
55
52
44
4
-28
-36
-8
37
73
61
37
42
106
163
138
89
60
37
35
38
27
26
36
53
36
-2
-7
8
11
17
52
82
59
4
-38
-36
-22
-9
-1
32
102
144
121
73
66
90
70
41
54
65
39
16
25
45
54
25
0
0
33
83
112
100
71
58
65
92
98
53
-3
-11
24
49
34
-22
-67
12
51
53
55
104
167
186
169
144
93
22
-13
19
69
66
40
34
27
27
43
76
65
10
10
74
102
81
55
40
37
38
48
59
55
82
132
161
140
84
44
55
57
33
-4
-25
-28
-19
-1
1
3
26
67
67
37
38
70
82
73
70
72
51
0
-20
11
71
92
83
77
65
22
-10
17
74
71
24
1
1
6
25
58
65
57
69
103
141
157
156
121
100
88
60
32
-10
-9
54
88
53
19
35
76
119
155
154
117
117
125
87
12
-23
-42
-56
-28
27
64
67
81
89
81
66
44
29
7
-11
9
37
-4
-60
-21
77
157
195
197
166
134
129
119
75
-13
-76
-91
-87
-66
-41
-56
-69
-23
65
148
177
167
180
188
160
104
72
68
48
18
27
66
93
82
10
-54
-71
-74
-122
-147
-98
-6
84
117
123
150
192
234
228
182
165
179
164
98
25
-17
-35
-23
0
1
-2
-11
-6
25
74
102
107
116
118
101
71
36
-10
