82
60
10
-18
-21
-3
3
-6
-2
18
27
45
74
114
134
72
-40
-98
-42
41
82
108
155
192
184
169
149
101
17
-67
-121
-145
-134
-98
-9
41
20
32
123
182
181
163
125
87
91
106
77
28
-11
-19
-8
-33
-58
-51
2
104
197
236
241
245
245
209
166
114
10
-68
-81
-73
-59
-4
56
92
108
88
36
10
57
125
122
67
42
67
96
90
51
20
12
11
26
54
69
66
61
69
90
89
42
27
33
18
43
129
166
131
80
49
40
53
60
32
7
23
40
21
-19
-49
-74
-107
-100
-25
57
90
84
91
155
180
117
57
40
38
16
-3
10
50
104
152
164
133
101
73
38
19
26
18
-25
-59
-61
-49
-61
-77
-53
17
67
76
58
55
70
76
106
172
210
169
107
106
137
71
-17
-19
-7
-29
-43
16
147
240
213
149
134
124
87
54
32
-10
-33
-7
21
48
73
74
69
77
102
114
96
41
-10
4
25
-19
-60
-50
2
49
72
90
105
123
112
33
-53
-103
-118
-89
-23
19
19
34
73
123
138
104
58
39
25
5
5
29
82
122
86
5
-25
-11
9
40
74
77
40
-20
-53
-13
59
103
102
51
-4
-13
20
56
71
25
-43
-66
-53
-55
-54
-14
22
44
65
86
134
204
244
204
128
69
24
10
20
48
88
103
90
98
144
182
166
91
4
-24
35
117
125
70
10
11
11
-6
6
50
104
140
128
82
43
28
8
-9
0
10
10
33
73
99
83
72
88
90
80
73
93
109
102
53
2
-25
-7
39
76
58
28
69
129
109
37
3
-6
-5
28
93
145
136
102
84
43
-10
-25
2
66
135
147
123
145
184
172
106
22
-54
-113
-141
-117
-62
-12
57
108
120
86
33
2
9
18
0
-23
9
98
166
177
167
154
132
100
81
67
43
4
-55
-115
-115
-82
-43
9
80
152
215
235
192
129
84
35
-13
-26
3
28
12
-34
-76
-37
88
153
87
60
99
119
96
28
-59
-115
-103
-38
54
194
280
225
139
148
177
139
54
10
23
48
41
21
2
-21
-57
-100
-117
-72
5
42
50
60
91
133
147
121
69
11
-9
10
43
39
-30
-83
-41
26
66
76
91
122
130
105
68
70
101
87
18
-18
11
66
101
98
99
107
112
107
86
65
69
72
45
26
51
67
59
65
38
-37
-122
-119
-19
68
104
123
140
145
157
182
172
135
73
-1
-50
-50
-11
34
40
39
54
90
116
121
118
134
123
69
26
7
5
26
33
12
26
81
124
103
68
89
124
135
124
99
44
7
26
43
43
45
11
-22
-3
53
88
58
5
-41
-41
40
114
100
42
-2
-5
13
53
105
113
70
41
59
66
44
54
73
49
25
35
27
17
17
8
-10
-20
-5
27
26
12
39
82
102
85
67
80
70
-6
-77
-89
57
77
104
163
198
188
162
120
70
29
-34
-98
-132
-133
-54
36
26
-17
11
122
212
217
176
123
73
21
-17
-22
-7
13
35
43
58
96
151
180
114
12
-6
53
106
101
72
60
54
69
101
90
34
-1
0
26
48
40
51
85
109
105
89
83
88
74
41
9
2
18
64
88
60
51
102
166
165
121
70
16
-21
-27
-23
-21
-4
52
108
133
145
166
173
138
72
7
-40
-22
24
39
53
70
85
90
80
65
57
27
-30
-76
-85
-69
-51
-33
-38
-25
28
73
76
75
96
118
144
138
82
-4
-56
-74
-93
-90
-60
-28
18
73
81
64
84
136
129
66
27
40
84
129
176
196
163
117
77
58
36
38
71
90
82
60
35
27
56
68
48
26
22
43
108
154
123
51
23
64
70
21
16
75
115
102
92
101
100
101
65
-11
-39
-4
25
37
9
-24
-18
21
55
49
43
59
90
117
149
163
155
137
86
38
16
-5
-22
-8
-33
-74
-60
8
56
32
-27
-68
-56
2
51
59
23
-13
2
48
81
97
86
48
6
17
41
45
36
22
32
51
64
58
34
28
72
136
152
138
146
162
149
112
88
87
64
16
-24
-40
-39
-24
-4
5
7
17
19
53
136
227
263
260
230
169
112
71
35
12
-4
-24
-20
3
43
72
74
29
-11
-14
-13
-5
18
50
65
101
165
204
180
108
50
12
-3
18
19
-53
-107
-57
65
168
167
117
113
155
193
182
151
125
112
100
75
54
53
40
27
60
117
154
138
89
65
88
131
128
42
-52
-81
-13
57
56
68
179
284
263
167
113
97
65
26
-24
-91
-162
-171
-100
-13
45
112
186
245
250
205
149
113
96
67
-2
-77
-123
-108
-45
-4
25
52
23
-37
-60
-36
-7
12
40
60
42
8
23
90
148
144
90
29
-28
-43
-4
53
100
112
107
121
135
130
124
117
70
0
-56
-76
-58
-17
26
40
22
39
56
39
59
140
216
242
196
136
123
98
10
-54
-84
-87
-58
-13
23
28
3
-6
-1
18
27
42
75
117
130
114
93
91
125
145
103
56
38
13
27
85
71
-10
-40
8
74
113
104
61
38
56
92
118
131
122
96
69
57
76
72
-11
-98
-75
38
117
119
107
149
204
197
113
0
-61
-39
20
26
-22
-36
41
129
134
89
53
66
120
155
135
86
40
10
-9
-41
-73
-99
-124
-117
-25
59
100
144
187
193
153
102
74
55
2
-55
-71
-53
-56
2
25
41
70
92
98
100
101
81
45
16
-11
-39
-77
-120
-117
-54
-3
1
32
117
189
229
218
168
108
44
-14
-53
-72
-56
12
88
108
96
85
90
103
97
65
43
35
36
36
27
70
121
133
128
128
134
129
124
135
117
65
8
5
42
73
75
70
88
132
164
162
116
55
22
18
33
26
-11
-34
-7
39
87
88
36
-11
-26
2
12
-33
-51
20
89
56
-17
-13
64
122
138
119
84
70
74
68
-2
-115
-140
-37
102
160
165
185
218
221
194
151
71
-20
-56
-39
-14
-20
-36
-23
5
24
57
99
128
132
118
98
71
32
4
3
-2
-43
-38
36
38
17
18
48
74
60
35
42
58
25
-9
-3
1
2
54
128
112
26
-10
8
35
39
51
85
123
121
81
65
70
65
55
50
41
11
-20
-18
13
49
35
8
17
22
36
75
124
149
135
76
-1
-26
2
18
-2
-50
-78
-57
11
90
128
132
118
105
128
165
136
64
19
24
54
65
12
-89
-109
-20
69
75
59
112
189
246
248
198
124
57
43
33
-25
-75
-84
-82
-70
-18
80
162
178
169
156
119
86
83
71
33
27
41
58
58
32
35
48
11
-75
-146
-104
-2
69
90
117
137
129
101
100
80
18
-22
-20
-11
13
76
112
116
125
128
101
65
44
48
40
-26
-99
-72
35
134
138
84
53
81
123
146
133
76
4
-4
49
90
89
75
75
75
93
128
112
34
-40
-85
-113
-92
-13
69
92
67
68
103
114
106
77
39
67
122
92
26
34
109
151
137
122
104
73
59
48
20
-3
-9
-22
-52
-11
149
295
294
212
166
144
103
32
-34
-60
-56
-35
-24
-12
1
6
-7
-20
1
48
88
59
13
40
97
122
104
61
16
-17
-25
-22
1
22
22
5
-12
11
67
97
82
68
50
27
22
45
92
140
130
58
9
34
84
76
37
8
20
86
161
151
54
-9
10
70
76
34
-7
9
74
109
99
52
8
-2
-4
-10
-14
-21
0
59
125
152
149
155
153
118
60
-23
-82
-73
-68
-52
10
81
129
153
155
139
113
85
64
53
42
38
35
9
-30
-61
-55
-33
-11
32
99
139
154
