43
9
-28
-66
7
161
209
165
108
85
130
184
193
167
134
107
115
161
188
164
80
23
35
68
102
102
34
-23
-33
13
83
90
23
-7
80
213
244
187
119
52
-7
2
101
109
-55
-194
-101
54
105
104
103
128
164
137
70
20
-55
-45
82
121
28
-4
53
112
115
107
108
91
56
27
20
52
43
-54
-146
-93
45
178
220
199
161
150
165
131
17
-65
-99
-77
27
120
85
40
65
121
140
104
75
68
40
0
-27
-30
-8
-6
-45
-4
121
197
154
106
90
65
45
8
2
27
60
67
18
-60
-115
35
263
305
168
102
258
261
182
73
-28
-97
-69
25
93
74
17
-5
35
39
-52
-87
-21
12
38
43
54
109
133
164
210
178
107
114
161
155
105
28
-10
-1
34
75
29
-76
-98
36
168
131
34
5
72
133
123
67
-8
-60
-45
19
72
70
25
44
122
155
123
70
11
-35
-17
32
54
45
40
12
-13
-21
35
139
178
114
41
38
85
74
-21
-99
-142
-116
-67
-5
32
56
71
69
73
132
166
112
96
151
188
210
178
108
73
42
12
3
2
4
-9
-52
-20
39
41
21
11
7
9
21
21
21
-3
-40
34
153
188
154
151
148
121
58
-1
-6
58
80
45
64
108
100
35
-45
45
-20
-113
-98
65
197
186
124
85
68
86
104
81
-14
-94
-19
97
138
123
85
41
43
76
67
-35
-134
-45
82
133
162
155
121
122
172
192
114
18
-49
-87
-45
-1
28
41
-12
-68
-21
54
56
3
6
54
23
-36
21
150
163
85
34
38
106
172
154
89
27
-10
-26
-2
26
10
-20
-6
16
8
39
77
81
36
9
12
28
58
86
119
128
141
162
154
133
132
121
49
-30
-27
42
50
-29
-87
-102
-61
-8
99
172
151
105
84
61
23
-8
25
104
90
44
64
117
108
75
97
105
27
-36
27
171
212
169
128
68
-13
-45
-20
-9
13
98
105
87
76
43
48
50
56
114
171
173
115
48
-19
-59
7
100
92
65
64
72
71
10
-57
-73
-59
-34
-38
-8
91
171
164
85
17
-10
-35
-21
25
66
76
88
102
75
34
6
-55
-121
-84
5
33
36
64
77
103
144
138
103
59
39
60
80
73
86
99
64
-10
-20
81
167
106
3
1
56
106
116
103
69
39
-2
-29
42
112
71
22
40
75
90
146
198
182
154
138
117
81
3
-29
-2
42
80
55
18
39
99
133
84
24
51
88
88
69
48
45
88
70
-52
-114
-35
87
154
136
99
66
60
72
48
16
-3
-41
12
147
199
185
136
69
34
-17
-100
-89
-21
67
113
86
58
32
-12
-3
93
124
21
-65
4
162
53
-37
-131
-70
80
139
131
59
-2
7
36
28
-33
-74
-14
54
83
75
74
69
74
65
-37
-124
-43
99
118
32
13
68
97
91
68
45
41
50
27
-7
-20
7
25
37
64
53
-1
5
70
70
57
67
72
43
19
43
86
145
181
167
114
99
118
124
131
120
82
20
-39
-52
18
53
38
34
51
54
48
51
53
105
136
49
20
102
152
128
71
70
151
198
148
92
75
42
-37
-91
-35
73
104
0
-99
-46
125
274
281
220
179
148
149
173
151
105
50
13
-39
-107
-94
-43
-11
19
66
65
33
37
113
171
124
58
27
-30
-76
-37
28
76
120
147
169
161
112
50
-23
-74
-14
43
67
65
16
-57
-67
66
169
104
22
7
2
-8
66
123
58
-10
33
132
119
71
74
129
90
-28
-72
-78
-120
-154
-126
-21
37
34
51
23
5
76
225
291
241
197
188
188
162
66
-26
-57
-25
42
76
35
20
82
114
130
150
89
13
-52
-117
210
154
93
128
160
154
145
118
102
67
-9
-52
-28
-6
27
50
-3
-65
-45
55
144
139
80
41
58
58
25
-5
-23
-17
25
12
-70
-24
149
263
215
119
71
65
83
72
25
-27
-55
-38
-21
-43
-68
-72
-49
40
130
145
118
96
74
114
183
144
19
-54
-45
-23
-13
5
52
97
80
10
-3
27
53
24
-24
-24
34
76
60
19
-5
-21
28
70
18
-36
-49
-43
9
82
108
74
21
34
72
61
-8
-53
27
153
177
123
103
91
57
74
106
90
58
65
119
151
98
54
59
36
-37
-141
-138
-12
124
169
168
201
231
216
186
149
87
20
-53
-84
-5
71
7
-107
-98
83
240
243
192
144
131
116
50
25
36
-23
-125
-100
1
81
128
102
51
71
87
22
-61
-87
17
153
164
69
3
18
22
-8
-8
21
7
-102
-184
-167
-117
-54
-19
22
92
152
130
75
90
103
0
-88
-62
-12
-22
-21
52
151
176
124
53
43
82
74
2
-68
-18
112
144
25
-68
-28
75
152
123
92
131
156
148
119
108
117
108
54
53
98
106
73
45
82
128
97
38
41
54
35
50
45
10
4
10
70
169
214
182
146
163
167
121
101
76
48
60
52
-9
-12
67
115
125
112
99
96
113
171
195
140
35
-42
-50
-42
-66
-77
3
87
87
76
98
124
103
19
-72
-65
56
89
7
-8
60
100
125
139
113
88
70
42
52
60
12
-53
-84
-92
-98
-98
-75
8
86
104
115
125
104
69
61
65
20
-26
-14
41
77
25
-49
-43
54
138
140
103
65
71
132
173
101
-25
81
18
-1
-7
-50
2
125
186
161
128
97
107
122
97
53
-9
-55
-59
-23
41
56
9
-26
-35
28
118
106
96
150
181
151
109
74
19
-67
-100
-56
-76
-88
-22
88
137
53
32
153
283
284
173
97
103
118
75
8
-19
-36
-33
-1
24
21
-22
-28
-1
51
118
115
97
101
98
82
68
2
-100
-119
-58
2
21
12
-3
0
107
235
228
129
104
132
132
105
101
82
-8
-115
-99
33
163
120
-36
-52
66
131
113
65
38
57
61
48
66
64
41
41
89
118
23
212
186
71
66
148
162
119
108
84
-1
-40
22
29
-99
-85
152
306
234
106
65
85
102
83
38
-11
-52
-23
-2
-19
-34
27
138
209
192
105
28
-29
-20
45
76
25
-24
-69
-66
18
133
179
101
16
29
146
229
216
166
152
161
184
215
203
176
132
73
41
28
-19
-54
37
147
153
104
76
96
98
61
52
21
-38
-37
35
107
145
146
75
-36
-23
75
90
34
49
86
86
101
100
56
-7
-83
-57
29
65
52
42
4
-55
-84
0
114
101
54
58
100
123
108
86
9
-75
-97
-68
-11
23
-8
-68
-53
24
48
-20
-52
0
77
97
60
59
107
107
9
-113
-150
-92
9
84
57
-18
24
168
216
157
73
10
0
12
39
37
-10
-67
-77
-75
-91
-40
27
12
-25
24
131
162
93
-9
-53
35
98
40
-49
-70
44
155
91
-22
-22
69
157
134
56
68
107
106
60
7
-40
-53
13
12
-81
-97
40
178
144
50
59
115
145
147
154
165
176
178
130
52
0
-2
68
180
199
109
57
97
130
106
70
-4
-52
26
69
147
279
345
246
101
89
104
133
193
176
114
41
-41
-151
-206
-172
-41
69
57
-125
72
280
241
35
-71
-34
41
39
3
32
82
91
43
-21
68
102
55
-60
-73
39
149
209
202
152
120
103
89
91
51
-19
6
48
3
-4
76
163
144
61
12
26
27
-58
-227
-276
-142
29
119
112
120
139
132
77
52
-6
-65
-26
75
200
272
265
225
176
67
-75
-187
-181
-108
-19
105
212
214
121
11
-20
2
10
-20
-114
-147
7
186
227
132
51
68
100
82
39
-29
-104
-9
137
218
245
225
147
75
55
23
-23
-39
-7
23
55
85
100
