106
96
129
189
185
103
36
35
90
157
198
182
154
148
173
195
150
72
17
4
36
106
160
138
54
-13
-26
0
27
37
56
109
156
152
131
121
85
43
22
20
33
40
59
65
26
-10
-3
33
48
40
36
52
115
150
102
23
-45
-55
11
40
-5
-35
-3
55
68
58
72
82
75
71
52
24
13
-6
-33
-38
2
88
141
146
153
169
133
43
-23
-28
-14
-22
-42
-19
48
96
101
75
55
51
69
60
18
-19
-26
-25
-43
-58
-62
-69
-66
-52
-13
72
184
267
308
288
114
109
76
2
-98
-153
-119
-11
74
108
119
131
153
202
273
289
213
106
42
12
-6
-25
-42
-21
-39
-26
41
113
132
135
115
84
80
97
104
86
38
-20
2
9
23
66
119
153
146
132
144
137
73
18
13
23
-5
-43
-28
13
35
41
41
44
67
92
105
80
43
29
32
64
119
163
177
171
176
132
39
-29
-25
0
0
-11
-12
-4
-2
-11
-29
-85
-89
-9
77
122
130
144
179
166
104
72
54
23
5
2
22
58
84
97
91
97
124
149
140
106
82
83
105
102
69
42
44
61
50
21
16
55
119
128
61
36
87
139
128
60
11
32
101
161
163
125
84
58
53
19
-34
-61
-50
-28
-8
18
-5
-46
-39
-10
13
41
61
67
92
166
195
156
123
149
177
166
125
87
57
26
-9
-40
-43
-11
41
64
17
-18
51
171
194
108
10
-4
67
153
186
167
144
135
113
83
77
98
105
69
10
-20
-5
19
41
32
19
50
80
84
56
44
74
84
37
-8
-6
18
51
82
125
130
84
37
32
36
33
37
39
56
101
136
145
140
119
90
50
0
-11
22
50
36
4
-9
-8
21
66
76
64
36
34
81
149
147
54
-7
10
21
-10
-36
-40
-25
8
53
102
154
184
178
162
149
121
44
-72
-183
-199
-78
50
114
112
84
85
132
173
180
144
81
28
-3
-12
8
40
48
43
73
125
162
168
148
130
112
75
56
55
42
4
-11
0
20
60
70
-11
-68
-17
73
128
132
130
149
156
115
60
66
55
-11
-43
4
65
44
-8
-26
29
100
91
34
7
42
61
26
-17
-30
3
18
1
13
42
60
48
28
60
88
49
33
81
113
91
70
69
59
27
-13
-50
-54
-46
-36
-12
13
27
36
54
37
-13
4
116
210
208
147
113
131
152
123
72
33
-20
-122
-152
-74
-9
24
44
84
156
180
113
53
53
54
41
41
64
107
147
149
123
90
52
5
-42
-72
-74
-53
-36
-40
-40
-20
-12
-6
28
87
144
167
149
123
120
116
51
-70
-130
-77
3
50
57
67
96
116
103
61
51
44
-10
-51
-11
56
76
36
4
20
72
99
56
8
20
42
-25
-97
-49
52
105
99
82
86
101
98
40
-62
-125
-93
-12
50
88
92
53
4
-26
-49
-30
-2
-12
-36
-20
2
32
66
74
35
1
-17
-18
19
118
192
165
97
71
51
2
-10
13
48
75
72
12
-35
4
98
115
37
-3
36
65
19
-42
-70
-60
-20
40
86
107
99
71
29
-42
-70
2
108
157
124
98
133
198
231
192
99
4
-68
-62
34
104
69
-6
-26
-4
-24
-25
65
167
186
144
112
89
71
87
69
-19
-38
-3
-11
-42
6
91
113
99
117
144
161
149
135
131
103
105
115
68
22
20
42
64
85
106
115
118
121
123
118
77
56
58
48
-24
-98
-93
-42
-1
41
116
185
225
250
260
237
192
123
22
-60
-88
-72
-23
28
66
69
76
88
57
55
82
84
56
49
99
122
59
12
48
96
106
96
92
93
90
107
112
43
-29
-4
80
144
133
75
43
80
96
51
13
12
8
-4
19
77
132
125
83
76
100
141
197
181
84
-1
-45
-41
1
40
25
-4
35
119
177
185
200
214
156
38
-28
-8
42
68
54
24
-10
-29
-7
32
16
-8
-14
-17
-9
61
154
161
85
40
48
42
22
-5
-9
18
66
102
98
56
3
-69
-154
-226
-210
-61
61
69
35
57
129
154
113
44
-4
-23
-33
-17
0
-51
-114
-97
-19
43
60
49
60
108
130
97
81
97
105
90
70
70
102
119
109
74
16
-85
-155
-118
-33
26
42
50
75
112
124
91
50
32
29
12
-24
-30
9
53
58
91
157
187
172
147
137
113
58
-22
-81
-26
48
90
113
131
144
121
105
160
215
194
51
-107
-114
20
144
164
118
70
42
74
144
182
177
117
28
-10
-2
11
4
-55
-105
-35
105
150
100
113
188
218
184
131
80
22
-12
-26
-22
-13
-22
-10
-8
-56
-117
-100
-19
22
18
66
161
200
186
166
150
186
185
57
-59
-70
-22
10
34
44
40
38
66
75
85
96
90
100
115
93
44
20
24
37
28
-25
-89
-75
-10
12
20
32
57
90
77
28
25
103
168
137
96
87
67
34
48
60
5
-83
-59
70
180
224
209
147
131
86
19
-4
-35
-92
-67
37
132
168
177
163
116
53
5
-42
-85
-74
-30
-8
9
82
140
155
140
162
180
156
134
137
128
91
64
40
28
12
-3
3
67
155
172
96
7
19
57
49
50
98
145
189
226
184
72
-10
-24
12
61
65
9
-3
56
140
180
154
98
54
58
54
24
10
9
-20
-29
-7
51
75
67
102
180
200
154
112
115
147
179
163
76
-9
-23
2
6
-27
-66
-75
-50
9
43
0
-19
21
81
145
140
86
69
91
115
91
38
8
8
-19
-61
-56
6
70
88
68
45
72
141
180
183
183
123
48
-11
-8
39
41
24
49
121
164
84
6
7
43
99
133
75
-7
-45
-49
-65
-101
-103
-52
-38
-54
-21
74
148
131
71
24
5
-22
-50
-60
-50
-22
-4
-34
-72
11
104
145
114
75
69
74
83
53
-20
-42
-20
17
67
131
185
130
27
21
75
105
103
56
4
-22
25
129
193
178
161
156
130
88
54
50
59
28
4
13
48
68
74
67
24
-39
-83
-81
-50
40
140
151
102
98
102
84
69
49
18
3
41
92
102
80
96
80
0
-57
-90
-76
-12
104
230
245
181
162
201
218
150
28
-13
3
18
44
74
90
98
77
50
56
50
4
1
44
82
108
102
40
-26
-41
-18
-20
-41
-33
-9
12
87
179
188
123
54
28
-2
-23
-11
-51
-29
39
54
49
11
-39
-23
7
-11
4
82
169
144
83
87
133
154
155
115
82
53
-25
-87
-24
152
275
240
152
100
117
162
195
225
185
74
-7
24
118
136
49
-107
-209
-165
-26
119
203
232
232
219
189
129
55
13
21
44
107
136
114
73
80
101
37
-78
-103
21
153
154
80
27
3
-57
-118
-118
-108
-53
41
152
212
165
100
69
36
-7
-54
-113
-150
-73
89
160
132
133
138
109
38
-58
-135
-122
-5
122
161
165
157
155
188
201
112
-38
-133
-162
-141
-54
75
187
189
130
119
101
55
10
-36
69
107
100
89
73
48
56
28
-42
-93
-62
26
90
114
130
139
137
107
49
-18
-34
-13
-36
-75
-77
-23
1
-33
-49
40
149
200
216
194
147
105
99
59
-36
-103
-69
0
51
89
135
168
162
132
93
43
-38
-185
-285
-247
-76
88
168
180
184
212
244
247
197
76
-21
-37
-65
-83
-9
70
85
68
40
36
56
84
104
104
98
52
-10
7
73
76
21
-6
25
88
104
75
65
69
77
88
52
-18
-85
-121
-94
-40
-1
28
84
162
234
227
153
92
70
43
-9
-50
-7
93
150
102
20
-2
38
55
18
-2
3
10
23
40
71
105
86
59
113
183
172
113
70
60
37
-5
-40
-35
-25
-38
