57
105
67
-17
-70
-69
16
124
157
113
56
58
113
153
150
129
107
91
74
77
69
36
19
1
-9
22
71
77
69
69
71
55
58
93
82
9
-27
-3
28
21
-6
-33
-57
-69
-24
50
88
71
69
69
49
66
100
105
100
130
186
201
150
88
57
56
56
41
-10
-72
-66
-19
7
33
43
33
26
27
65
134
168
138
96
68
57
58
83
87
40
-2
4
23
1
-33
-30
0
38
66
75
71
76
107
125
112
115
136
128
75
26
20
36
37
9
-20
-51
-70
-26
58
114
147
152
122
118
138
117
60
44
69
70
50
42
74
133
168
136
88
65
50
24
-23
-49
-35
-4
7
22
39
57
92
124
123
93
71
38
8
6
27
53
53
40
23
9
42
87
96
82
80
104
129
129
105
104
122
114
84
42
33
64
91
75
34
20
53
53
11
-2
20
66
121
147
123
96
69
52
70
105
119
97
66
28
-2
2
-18
-50
-29
2
-13
-35
27
118
153
135
124
134
150
136
73
7
4
52
39
-37
-106
-100
-28
17
34
58
88
101
96
68
32
48
112
148
103
4
-38
10
86
131
112
53
13
8
33
56
44
10
-8
-7
7
0
5
49
88
115
129
121
99
33
-37
-81
-67
-25
-5
9
53
120
172
203
199
137
60
-10
-65
-78
-57
-17
21
10
11
50
70
50
40
48
67
91
100
68
35
44
101
141
125
114
139
133
85
70
96
125
82
-11
-62
-20
60
108
117
88
59
76
99
81
20
-57
-105
-100
-54
29
101
134
145
155
172
177
152
77
-4
-38
-37
-22
9
32
28
27
65
123
140
113
90
92
105
106
82
33
-9
-35
-30
-18
-8
-1
-39
-98
-68
65
167
128
112
113
82
35
-3
-49
-82
-52
10
43
86
125
140
154
163
153
123
57
42
121
153
100
58
35
-17
-45
-21
5
7
-3
-7
-30
-19
70
168
177
77
-20
-10
23
4
-23
-66
-22
53
96
118
124
130
109
76
59
29
-7
-34
-35
-17
-1
16
28
1
-50
-68
-28
44
103
82
11
-12
44
130
164
136
116
134
137
106
80
71
55
16
-3
-10
-45
-69
-57
-26
3
39
69
60
81
147
183
165
108
41
-6
-9
13
32
41
68
128
173
162
119
99
84
57
4
-43
-57
-65
-74
-60
-22
9
49
85
91
99
141
149
55
-35
-19
91
203
260
234
184
155
161
160
104
6
-113
-183
-173
-122
-67
-4
55
92
124
186
217
182
105
42
4
-26
-83
-131
-124
-37
72
124
106
53
5
-4
28
48
37
38
70
109
122
107
88
81
98
112
103
40
-71
-138
-92
20
83
73
61
98
138
171
192
166
84
10
-4
-9
-9
-14
-40
-61
-50
4
92
166
173
132
114
140
171
183
118
39
29
68
86
72
33
1
-11
-53
-115
-114
-17
119
169
146
138
150
156
140
69
40
67
57
52
83
133
163
148
96
33
10
57
80
42
6
34
96
113
44
-38
-33
1
-22
-26
40
118
152
154
152
134
88
50
32
13
-20
-42
-43
-69
-113
-113
-54
42
113
125
131
172
208
208
187
144
76
24
-19
-43
-22
-4
-77
-155
-76
107
215
181
122
146
213
220
144
57
18
8
3
-35
-56
-34
4
-3
-40
-24
33
88
122
132
118
60
-2
-17
23
68
108
155
139
103
123
165
93
17
-74
-164
-156
-56
43
86
104
132
169
194
186
130
65
-21
-85
-55
25
89
91
100
192
309
315
187
57
16
27
17
-45
-122
-177
-166
-87
-19
32
88
114
107
112
112
102
89
75
53
12
-18
-33
-13
34
69
86
92
88
75
52
75
119
75
-13
-57
-53
-14
49
90
112
90
22
-19
-1
38
49
52
60
80
90
104
106
83
34
-9
-26
-21
-7
18
44
56
52
45
49
45
18
-2
9
40
32
37
60
56
70
99
97
86
89
100
89
57
38
44
24
-27
-45
-12
25
43
48
52
69
107
150
148
121
104
75
60
91
144
156
134
103
68
10
-39
-25
17
64
87
65
29
36
105
152
133
74
51
87
116
105
57
23
33
41
44
35
25
41
66
89
100
84
56
56
80
90
90
80
82
86
35
-6
21
65
60
0
-66
-46
42
124
123
66
48
73
68
55
68
74
58
25
-4
-7
3
-10
-18
23
66
52
-2
-42
-21
36
76
73
48
24
-5
0
39
88
109
113
132
160
140
125
128
98
40
-9
21
101
134
90
39
26
42
73
108
104
69
67
87
97
108
83
10
-39
-33
-30
-10
76
155
162
118
70
59
58
41
26
27
24
27
45
70
99
104
59
-5
-3
45
42
-14
-61
-46
-6
12
-4
7
86
164
182
148
77
7
10
56
40
-12
-21
9
25
13
17
43
40
11
33
45
32
29
53
60
32
-26
-56
-45
-41
-51
-53
-33
-3
35
80
97
72
64
64
67
-7
-87
-35
67
113
131
133
134
163
203
214
145
40
-30
-43
-10
9
29
11
-50
-71
-25
24
34
35
68
124
171
188
187
169
118
41
-33
-41
-12
-26
-52
-36
9
67
134
188
176
134
120
112
86
59
61
56
2
-85
-131
-110
-43
29
57
67
117
200
265
266
202
150
144
119
60
18
22
71
100
70
7
-8
25
24
8
25
88
120
91
58
87
103
36
-33
-18
16
-10
-37
3
75
117
123
120
122
118
125
140
147
135
99
56
49
71
70
28
16
41
64
23
-25
-61
-65
-53
-49
-18
23
36
45
116
204
230
176
97
34
-5
-39
-104
-132
-55
23
8
-12
42
107
103
84
82
91
72
35
17
53
88
80
49
20
22
37
36
40
39
3
-3
17
28
-3
-42
-28
19
65
96
107
91
60
50
55
28
-19
-43
-40
-9
25
70
100
100
75
50
4
-38
-23
25
43
49
53
58
86
123
115
52
18
32
28
19
42
91
150
179
149
101
56
21
-1
-35
-72
-107
-77
3
54
89
124
148
150
140
121
91
58
-4
-50
-25
27
75
69
23
-9
28
104
115
97
101
134
173
168
134
97
80
57
17
-6
-12
32
113
146
108
55
45
81
96
61
19
-17
-41
-33
-26
-11
34
91
148
153
115
88
99
106
85
25
-50
-70
-5
96
161
179
201
208
168
117
34
-24
-18
40
82
50
7
28
61
49
49
120
200
198
107
38
53
83
74
23
-46
-82
-59
8
86
112
89
93
117
115
72
33
27
29
17
-4
23
97
129
87
52
67
61
27
33
73
68
5
-36
-27
21
64
97
105
70
43
38
33
40
42
17
-25
-68
-25
57
107
140
177
165
128
120
136
123
57
-22
-73
-100
-75
-28
-23
-26
-3
51
97
68
6
2
43
70
91
122
129
108
106
135
148
112
33
-22
0
28
24
-10
-4
57
98
87
80
76
67
45
45
60
83
106
137
151
147
136
147
132
90
80
107
104
43
9
29
104
162
151
86
1
-37
9
59
23
-55
-81
-39
27
102
144
103
-2
-28
55
130
114
88
134
186
164
92
53
64
56
20
-20
-28
17
88
128
116
55
-17
-49
-41
-19
2
9
24
48
68
87
36
-53
-90
-35
53
113
121
81
17
-12
9
41
20
-50
-51
5
38
18
12
68
108
91
85
105
64
22
99
162
86
-38
-87
-42
32
105
154
133
56
0
-3
54
120
114
57
-8
-67
-66
3
54
52
56
92
135
141
108
49
6
6
-8
-56
-70
-34
-2
23
71
136
152
77
16
36
93
121
97
35
-38
-77
-37
18
4
-40
-42
-4
10
11
50
96
103
100
101
108
153
184
137
81
70
81
82
53
8
-12
-4
7
33
58
58
75
116
119
64
17
3
23
