162
117
82
80
53
2
-34
-81
-92
-22
67
112
102
89
154
220
229
198
148
107
51
-14
-21
13
0
-52
-89
-35
73
132
102
55
38
21
34
59
99
116
89
64
73
133
184
179
130
82
42
16
-27
-103
-132
-73
16
107
166
164
133
83
51
38
-21
-75
-46
-6
-20
-3
87
152
112
98
138
88
9
43
155
157
61
6
12
18
-5
-53
-71
-51
-17
26
81
58
8
60
146
152
128
83
59
74
36
-5
8
59
85
82
97
145
119
6
-49
29
177
225
181
133
108
116
137
117
44
-23
-91
-108
-66
-28
-12
20
88
106
65
48
71
86
83
91
100
86
55
20
11
0
-11
25
107
82
-7
-29
37
104
86
17
20
87
145
165
151
106
58
7
-46
-42
26
86
51
-22
27
9
-50
-124
-125
-87
-11
104
187
172
115
82
77
52
10
-8
4
24
25
50
87
60
-5
-51
-72
-41
27
90
137
186
240
246
220
204
195
160
130
113
100
100
100
135
235
316
315
236
193
259
306
245
89
-28
13
99
83
80
141
208
246
240
165
93
106
129
100
45
73
172
196
130
100
84
69
117
169
134
70
37
40
81
102
50
3
2
84
168
112
21
40
85
83
33
-45
-103
-108
-75
-21
27
26
-25
-57
10
-54
-148
-125
-7
58
33
-53
-173
-244
-188
-109
-108
-105
-43
33
59
23
17
56
44
-3
-67
-90
-43
24
41
10
-39
-89
-65
19
67
28
-34
-49
8
72
42
-29
-57
-50
-49
-52
-5
34
64
55
16
19
22
-27
-92
-70
23
109
167
183
161
122
122
161
176
149
89
13
-11
4
28
4
-93
-83
11
74
81
116
218
256
204
199
260
304
275
184
74
-2
-23
-9
-13
-68
-98
-88
-52
37
108
66
25
33
38
24
-37
-103
-25
136
203
199
181
165
162
156
124
50
-25
-87
-73
7
57
23
-43
-53
16
68
33
-20
2
52
90
96
67
60
42
2
23
132
208
132
64
106
149
89
1
-13
3
13
-6
-35
-18
18
66
56
3
9
58
99
112
83
24
-5
4
3
-8
-7
25
80
122
131
102
90
76
22
17
38
43
33
6
16
44
56
66
50
48
64
68
92
128
102
33
-3
-12
25
135
168
96
50
88
151
118
12
-84
-132
-37
96
131
113
98
101
93
83
85
99
89
81
89
118
163
162
102
8
-51
-8
44
58
54
19
11
61
59
1
-6
45
89
54
-7
-7
49
104
83
21
5
37
119
128
48
28
34
44
85
108
74
44
50
64
39
16
9
28
23
-2
35
103
103
29
-77
-134
-39
82
102
70
68
130
235
277
229
176
154
96
-6
6
118
184
162
103
80
87
90
67
20
-6
-35
104
99
39
39
87
59
-8
25
141
198
117
35
32
53
65
20
-58
-94
1
145
189
154
147
156
163
147
73
16
0
21
65
77
50
0
-41
-7
56
87
69
35
23
50
48
85
188
160
53
28
102
166
200
224
228
184
105
34
-62
-153
-108
-49
-87
-58
85
209
224
202
169
83
-11
-53
-10
51
32
-28
-7
104
164
132
108
120
122
92
37
5
20
11
-30
-57
-35
25
121
187
168
92
54
25
3
-14
-54
-3
85
108
92
100
122
125
123
76
5
-22
-13
1
4
-25
-8
57
76
48
18
33
68
90
88
57
33
26
9
10
34
38
67
133
168
185
163
104
84
98
49
-35
-49
-8
42
76
86
83
53
-23
-52
12
104
75
-1
4
135
265
262
149
85
81
52
19
-12
-26
9
58
49
-2
-35
-10
37
37
0
3
18
26
38
35
53
99
147
135
37
-34
-29
8
28
-20
-74
-56
-18
13
65
117
131
132
135
112
66
0
-57
-77
-38
24
37
-10
-49
-35
38
128
148
97
76
114
141
105
34
7
1
-17
-39
-33
-17
-8
-4
-11
-23
-23
-14
18
68
66
38
51
64
71
118
183
210
187
131
88
51
11
4
-1
-12
7
36
13
-35
-74
-92
-67
16
86
99
76
89
154
196
134
-14
-138
-140
-2
178
256
225
198
182
149
106
32
-60
-83
-30
20
33
34
36
11
-21
-58
-14
92
160
155
120
112
160
199
183
90
17
-6
-61
-90
-30
98
183
137
29
-8
52
131
41
-81
-37
73
107
53
17
24
49
41
33
100
178
169
136
132
140
128
44
-58
-99
-66
-42
26
149
224
212
161
141
146
101
-1
-117
-152
-71
27
52
73
116
105
64
88
117
101
50
-9
-30
9
44
33
8
-19
-46
-39
-13
53
107
108
119
133
115
55
-10
-36
-10
-82
-136
-18
113
150
163
160
163
192
205
168
100
10
-88
-173
-146
-8
42
1
3
59
135
192
196
152
117
107
98
81
83
27
-28
-4
12
-12
-13
41
108
141
139
109
72
57
81
89
83
88
117
135
108
34
-24
-25
17
69
49
-23
-43
85
204
150
54
26
35
53
59
37
23
33
32
12
44
105
58
-23
-12
81
139
118
104
134
156
153
100
45
23
-4
-37
-28
-34
-70
-37
72
185
192
150
114
81
119
164
118
12
73
97
32
20
48
10
-12
1
33
32
3
0
40
72
35
-49
-98
-68
-27
-21
1
-30
-69
50
212
227
128
59
55
52
11
8
18
-40
-66
11
33
35
123
122
76
38
27
68
89
60
-13
-139
-189
-113
-5
23
-10
-9
83
199
263
277
237
161
90
49
0
-17
-3
10
2
-19
2
59
104
154
177
137
114
113
85
70
85
97
50
-22
-77
-58
6
84
180
260
234
122
70
91
121
120
107
93
38
-52
-69
3
80
92
64
29
24
37
74
100
43
-69
-147
-132
-71
-24
-10
12
56
45
-1
2
97
178
185
83
-33
-24
81
119
23
91
180
192
138
101
105
114
74
-4
-57
72
157
181
166
138
151
183
187
192
131
38
25
40
19
36
69
105
100
25
-55
-52
34
90
45
-29
-49
29
86
84
105
112
80
65
17
-45
-37
34
49
-28
-77
49
248
300
274
283
297
266
173
77
58
43
-30
-26
42
2
-17
58
182
203
137
129
163
134
116
135
86
21
-5
-12
-42
-91
-58
58
173
212
186
153
151
146
85
35
-1
-45
-51
10
36
32
57
90
113
86
20
-20
23
105
119
99
82
28
-39
-50
17
28
-19
-38
-24
-10
44
137
140
55
54
102
98
43
6
26
66
80
55
21
-40
-74
-33
6
38
106
179
203
198
186
149
92
39
-53
-134
-84
10
85
96
16
-87
-74
32
130
153
123
107
106
98
93
36
-75
-161
-177
-110
-9
89
119
107
74
58
86
113
92
42
-4
-27
-10
20
41
27
-17
-51
-36
8
112
169
146
107
97
77
22
-17
-2
34
16
-3
35
49
12
44
147
212
151
55
70
124
153
145
131
155
227
228
69
-97
-53
59
100
50
-3
38
117
68
-107
-115
129
227
90
-1
92
263
199
-157
-406
-263
-84
-58
28
216
292
331
419
417
314
168
-11
-205
-331
-313
-98
108
89
3
0
76
145
32
-132
-66
101
130
42
26
106
187
182
136
163
200
124
-50
-189
-186
-114
-39
-74
-126
54
269
311
224
146
114
86
36
12
-3
-72
-105
-26
131
217
177
74
7
-49
-119
-121
-71
77
146
130
112
130
155
180
161
56
-40
-68
-57
-13
52
65
43
70
168
210
210
168
40
-43
-13
118
233
195
74
-6
-17
42
71
37
37
41
90
183
246
261
198
23
-169
-218
-54
116
135
80
114
182
249
283
224
83
-72
-202
-249
-213
-52
176
325
290
224
268
283
181
