144
99
75
107
50
-55
17
192
258
220
195
183
141
57
-12
1
8
-41
-50
29
132
184
116
-18
-56
5
17
-26
-109
-130
-23
89
74
13
51
114
101
44
18
52
88
77
-13
-117
-25
156
215
154
96
96
120
132
88
52
43
25
-13
-45
-8
76
153
137
103
77
59
50
80
148
155
118
65
12
40
104
116
32
-69
-72
39
183
231
201
179
104
33
104
157
76
-38
-65
22
124
154
112
69
55
51
16
-43
-52
4
36
54
59
54
57
73
72
35
21
72
97
53
16
9
56
121
134
100
58
51
83
103
85
69
39
-55
-53
85
195
202
130
50
50
98
133
146
101
-2
-18
66
150
129
43
-22
-42
19
87
113
75
33
13
16
36
-21
-122
-97
38
146
168
119
85
75
91
107
77
24
-60
-89
8
115
116
37
-13
12
29
-18
-61
-26
2
32
83
86
40
7
-12
-8
20
71
91
113
178
220
181
129
119
108
97
53
-41
-131
-145
-61
44
125
125
58
-6
19
101
146
139
112
82
45
42
96
177
102
34
5
23
81
118
115
35
-33
-35
-1
32
51
68
86
100
146
234
277
236
168
68
-12
-21
3
-6
-17
-20
-30
-9
28
44
9
-36
7
92
80
8
-34
-60
-66
1
92
116
87
58
49
104
171
134
25
-29
6
106
137
82
-9
-57
-46
0
4
-66
16
123
172
197
201
172
133
77
4
-7
32
59
34
-11
-5
66
74
-68
-217
-177
12
133
49
-2
123
266
295
220
138
87
39
2
-24
-62
-110
-118
-27
81
152
130
32
-21
-5
5
-23
-77
-74
-60
-51
13
80
86
59
48
23
-13
-71
-71
-8
67
105
71
60
105
125
100
77
68
87
109
92
56
36
36
23
-25
-76
-61
-9
48
72
56
27
56
145
209
218
151
53
42
86
92
107
90
28
37
90
98
40
-22
-13
45
109
116
48
27
103
188
229
225
120
112
82
6
5
55
74
87
105
99
53
-3
-6
75
166
166
128
101
84
82
60
-1
-58
-43
44
120
113
90
114
152
160
112
-11
-130
-118
-35
50
137
151
75
-3
-19
-1
20
59
85
53
3
16
106
101
-2
-26
-6
-23
-51
-5
8
-50
-25
84
202
237
167
121
129
132
100
35
1
-21
-23
12
37
-5
-82
-139
-140
-51
9
33
96
154
140
124
146
153
103
28
-6
18
32
55
130
156
100
39
-9
-76
-99
-58
-8
4
-25
-9
105
230
213
102
34
10
-1
17
112
171
160
136
132
123
105
88
22
-54
-61
6
103
138
75
4
-11
11
38
4
-22
5
68
113
184
235
192
97
10
-8
26
37
36
50
49
50
104
172
173
109
25
-10
17
83
146
149
90
70
93
89
27
-45
-9
105
157
140
107
56
-11
-53
-41
-25
-25
23
107
166
99
18
-51
-82
-92
-92
-51
-6
3
12
49
-4
-113
-94
9
57
37
51
114
137
116
53
-22
-54
-50
-52
-24
26
41
40
76
90
71
41
-38
-110
-88
19
90
80
42
33
10
-22
-34
33
101
80
0
-59
-56
-28
-53
-106
-59
84
164
147
98
88
145
187
118
-36
-129
-92
-34
37
100
104
113
141
153
130
76
25
8
43
97
82
5
-38
-59
-61
-22
17
17
-3
-18
-11
65
212
290
267
201
186
244
245
147
42
-11
16
80
96
51
-23
-58
9
88
73
43
40
26
20
17
-1
-2
-28
-69
-93
-103
-41
59
134
160
138
103
108
148
140
89
37
-19
-49
-13
49
83
36
-29
-55
6
70
87
134
180
187
147
72
20
19
20
20
2
-53
-34
76
107
16
-66
-99
-65
18
121
122
89
114
139
132
70
-5
-25
0
20
8
-17
-77
-55
50
145
182
188
200
195
150
146
165
107
-11
-83
-61
6
119
128
-4
-23
161
341
333
194
117
155
171
133
57
-41
-73
-26
11
39
58
70
33
-39
-45
40
151
163
141
169
154
82
16
-52
-75
-30
26
83
98
72
57
52
98
129
68
28
66
89
88
92
113
96
69
68
87
105
80
28
19
36
85
109
81
21
-35
-10
52
34
-36
-45
9
57
67
33
-19
-11
59
82
-10
-105
-98
-2
103
146
88
28
37
7
-33
24
115
107
55
21
7
52
138
186
151
77
43
67
80
68
52
0
-54
-60
-17
60
136
120
50
24
35
26
-13
-58
-41
36
101
113
107
116
96
50
54
25
-22
44
165
130
23
22
83
92
69
60
40
10
22
82
148
189
168
87
37
70
121
134
93
56
44
28
26
66
99
117
99
76
100
108
36
-29
36
176
226
209
192
169
134
51
-37
3
101
83
26
60
136
155
176
204
151
38
-43
-61
-59
-3
61
52
3
-45
-43
-1
69
189
280
265
179
113
96
58
6
-37
-34
12
33
2
-17
-34
-85
-101
-108
-125
-76
21
138
212
214
179
124
50
1
-26
-59
-66
8
105
131
98
40
-13
-23
12
52
68
44
16
2
26
101
146
72
-92
-185
-94
45
124
145
151
186
218
217
153
70
28
11
1
-7
-5
44
103
43
-54
-84
-6
92
113
58
22
35
81
107
105
51
-6
-17
-34
-40
18
45
28
10
19
41
65
96
86
37
33
53
59
68
45
12
16
52
83
68
-5
-70
-29
12
8
64
140
181
212
230
192
134
65
33
124
208
193
153
122
104
119
145
136
40
-69
-108
-69
44
131
112
57
32
9
-24
10
121
157
98
6
33
138
112
-14
-55
0
74
99
42
-43
-57
-4
43
83
77
75
71
32
-3
-11
-2
19
10
-36
-84
-70
-37
9
67
93
54
-6
-5
19
22
-24
-71
-42
-1
-45
-57
68
120
59
86
151
136
60
6
-2
11
12
-17
-67
-61
7
66
49
28
90
182
194
146
104
66
37
67
89
59
22
0
41
104
96
107
144
147
145
161
145
64
-27
-19
69
124
106
28
-2
41
120
138
37
-77
-71
-12
39
92
145
194
177
98
83
118
121
75
17
-4
10
2
6
80
166
166
155
195
224
218
180
112
64
55
58
75
100
128
103
36
-13
12
82
57
-7
-27
23
85
130
148
135
124
130
108
48
0
20
35
-21
-110
-116
-38
64
169
199
179
165
113
61
53
42
-5
-60
-97
-124
-110
-73
-104
-115
-49
-1
1
48
104
109
96
73
39
36
19
-5
-1
28
83
97
71
58
20
-23
24
119
152
107
68
43
33
54
70
26
-26
-59
-58
-34
-25
-13
20
41
28
7
5
41
89
88
56
53
69
48
-2
-42
9
130
162
121
136
210
272
276
230
157
57
-50
-87
-72
-60
-34
10
0
-42
-23
70
107
60
44
75
105
88
85
130
147
102
56
56
53
-11
-84
-53
-2
-17
16
91
184
260
272
216
150
96
81
77
37
29
50
68
89
74
39
6
-43
-89
-100
-54
24
66
21
10
76
108
66
22
19
2
0
22
60
88
98
99
65
-13
-119
-146
-87
-50
-37
19
98
163
198
176
118
93
93
87
72
60
56
56
65
60
36
2
-36
-29
-19
-57
-92
-83
2
122
168
144
140
156
114
40
38
45
-25
-91
-56
40
115
108
68
12
-7
37
53
12
3
44
84
89
103
130
87
-4
-61
-42
21
58
80
61
38
33
71
112
104
68
45
29
24
68
83
35
9
45
122
194
100
53
33
33
10
-8
-19
-5
76
167
184
168
135
84
10
-37
16
88
108
120
161
146
88
75
74
93
96
28
-20
-1
54
80
25
-12
0
1
-82
-139
-49
98
149
130
131
138
128
138
161
114
7
-67
-87
-75
-101
-99
17
150
179
115
