1
-6
-4
52
71
8
-27
16
72
124
139
150
157
128
81
57
21
-75
-122
-27
106
139
87
42
54
124
189
203
169
129
89
72
90
97
28
-40
-42
-12
49
149
235
218
150
97
53
8
-40
-68
4
118
135
81
73
88
41
16
43
80
50
-5
40
151
218
185
117
59
1
-76
-124
-76
49
104
35
-14
-3
-2
29
119
132
58
20
33
12
-1
10
10
-50
-120
-137
-42
80
91
6
8
144
205
116
59
113
165
151
85
72
113
108
44
-17
-83
-102
-38
38
38
27
70
112
122
97
81
65
-4
-90
-71
-38
26
64
54
67
59
39
33
22
24
56
104
118
104
72
32
0
-5
7
10
-6
8
108
197
187
132
80
59
52
-13
-81
-50
-4
-54
-91
-7
140
251
277
216
163
152
160
163
83
-22
-61
-62
-59
-39
-35
-17
32
40
25
56
50
22
44
83
100
93
80
61
66
93
137
129
68
28
10
-43
-52
64
146
144
122
83
52
45
13
-5
22
58
50
20
44
100
98
76
28
-19
-30
-1
25
48
38
5
17
52
60
29
3
22
77
134
168
131
19
-71
-68
-2
20
-1
2
54
121
147
105
70
54
22
18
50
65
52
65
106
109
45
-43
-68
-69
-41
24
101
148
121
7
-49
-11
2
-18
56
195
241
242
265
304
257
151
41
1
6
-6
3
50
54
39
33
-1
-28
-84
-61
19
86
135
160
165
168
122
86
61
28
3
-38
-40
-24
-71
-83
-3
106
199
237
230
189
160
150
57
-54
-147
-108
26
139
139
59
-5
10
104
154
106
48
44
75
43
-56
-88
-40
-22
-74
-102
-11
116
196
212
208
192
151
96
50
17
-10
-19
-9
-67
-120
-71
10
4
-46
-13
65
100
96
96
69
51
93
139
125
74
-9
-57
2
106
135
97
64
108
178
154
129
140
96
39
24
16
3
2
-1
10
3
-58
-105
-41
82
161
153
125
123
137
145
108
50
16
-7
-19
0
49
102
107
71
-9
-130
-170
-87
61
163
154
96
82
124
163
151
103
9
-57
-21
64
90
72
22
-7
-1
19
49
76
101
89
71
70
49
8
18
44
26
-22
8
38
4
-7
49
72
17
11
90
138
100
12
9
64
75
20
-59
-55
39
119
108
48
-13
-28
27
85
53
3
-13
-19
16
22
-8
0
45
82
69
34
12
33
56
37
-18
-36
25
99
75
-2
-7
103
188
104
-91
-169
-53
81
122
87
9
0
102
152
116
75
58
97
140
144
114
49
-17
-27
32
80
43
-11
-6
44
84
117
144
149
118
17
-41
-7
54
102
119
114
92
68
67
69
60
35
-43
-61
-21
3
7
6
16
-1
8
81
132
119
88
97
149
184
162
84
10
-3
27
61
98
87
-1
-18
67
114
137
168
192
180
139
91
42
34
53
55
26
12
43
45
40
55
56
55
61
76
92
105
137
161
132
91
70
32
7
18
21
27
25
26
37
44
8
-37
32
131
117
58
55
99
107
60
42
56
58
48
39
33
35
52
64
50
36
32
9
-9
-12
-1
37
115
164
116
52
71
133
165
156
104
33
2
-29
-54
-23
38
100
133
67
-40
1
139
194
132
53
57
114
105
43
22
69
84
12
-25
45
187
266
231
123
28
-3
2
44
82
75
73
69
59
80
90
33
-57
-92
-51
18
52
21
-38
-66
-90
-119
-92
-23
38
66
85
106
138
161
144
90
45
23
5
-42
-22
129
242
205
188
184
180
195
202
137
9
-75
-115
-99
-53
-5
1
10
58
105
108
117
178
225
210
148
67
4
-6
26
73
90
88
84
40
-53
-83
-2
44
11
-38
-49
41
134
132
99
93
89
117
160
177
192
172
113
89
105
34
-59
-71
-22
-3
-8
-8
2
10
-8
-17
10
34
40
69
93
101
89
50
36
37
24
26
68
90
98
109
81
11
-6
25
43
22
-5
-4
39
86
73
-18
-83
-69
-1
70
132
145
130
114
103
119
146
140
81
18
-10
1
26
10
-27
-3
73
128
120
104
112
80
27
21
4
-34
-46
-22
21
51
82
90
64
17
-28
-42
21
74
52
0
-20
-53
-102
-60
48
76
10
66
188
212
150
96
69
53
65
66
21
8
28
5
-98
-103
56
199
187
76
-11
6
87
85
-1
-85
-107
-50
42
75
39
50
114
119
39
5
49
96
84
50
8
-28
-9
84
178
189
198
233
213
147
116
85
36
16
38
69
59
25
-21
-54
-25
23
39
57
112
167
183
168
112
-2
-67
-39
12
42
48
53
45
41
56
92
118
97
68
69
54
-9
-43
-2
-10
-57
-91
-53
72
168
182
189
225
209
167
145
125
87
57
52
19
-59
-131
-113
-12
33
9
19
64
133
197
198
148
112
98
58
23
-3
6
73
97
10
-66
-28
75
129
44
-65
-34
89
186
202
157
75
0
-10
0
2
3
-5
-6
52
132
155
173
201
154
85
70
71
32
-23
-52
-45
-25
12
19
24
37
2
-37
-53
-61
-18
67
118
124
137
168
186
133
71
-206
-167
-120
-18
140
261
236
141
96
133
186
118
-52
-130
-77
-9
44
92
97
26
32
99
82
18
-37
-59
5
50
123
204
231
113
66
25
-28
-67
-82
-68
-17
36
26
43
119
183
166
101
72
88
130
154
115
39
-19
-74
-115
-104
-19
112
172
119
23
-8
58
176
148
-18
-71
56
112
66
80
105
57
9
28
81
70
8
-45
-58
0
36
25
25
51
53
35
19
10
35
119
186
117
16
25
80
103
81
7
2
39
37
32
42
50
20
-34
-68
-40
32
84
50
0
24
115
193
43
6
42
90
104
71
11
-54
-74
-52
-77
-78
-22
100
214
183
102
118
169
189
179
155
99
-1
-43
25
121
105
19
8
75
91
43
36
49
11
-42
-59
21
83
25
-5
65
114
97
92
101
75
50
33
6
-2
-23
-105
-83
49
119
147
203
243
23
3
0
-51
-74
-2
96
161
195
231
231
152
38
7
32
16
-6
-3
26
93
163
169
104
55
66
73
18
-69
-73
-4
32
-5
-69
-139
-174
-87
76
162
163
203
269
314
300
203
89
9
-58
-132
-88
36
101
65
-1
-30
36
139
193
224
220
167
131
116
67
-18
-103
-166
-158
-71
77
210
232
201
151
104
88
41
-19
-20
33
64
13
-37
-106
-164
-121
-20
19
21
82
118
73
97
156
132
72
32
33
74
82
24
-109
-10
24
22
73
139
169
154
172
114
65
28
-19
-21
7
-23
-69
-57
8
123
215
218
163
122
155
218
219
118
-14
-123
-133
-93
-35
109
233
200
151
194
203
155
109
89
42
-43
-117
-114
-69
-23
21
25
25
21
5
36
84
116
129
137
124
76
52
88
87
18
-28
-25
6
25
5
4
61
112
61
18
51
82
92
147
176
156
139
97
26
-12
-84
-164
-147
-88
-35
44
137
219
291
313
262
168
67
-20
-54
-27
-13
-61
-124
-155
-131
-68
-21
11
16
10
60
131
151
133
113
37
3
57
73
57
80
118
165
156
98
42
-23
-57
-27
-9
-10
-4
28
72
105
115
60
16
27
49
23
-21
-50
-55
4
139
225
147
10
13
156
226
161
64
32
60
75
58
7
-59
-70
-5
50
58
43
35
37
0
-50
-13
39
12
-18
24
114
149
133
124
118
70
44
76
87
44
-7
-6
54
90
117
123
91
98
125
131
151
150
107
82
71
33
-21
-120
-135
-29
-1
-41
-26
6
18
42
99
148
131
100
68
55
85
107
67
-3
-12
43
86
75
93
109
91
83
70
22
