-35
1
91
148
130
68
12
9
74
138
131
75
35
11
67
162
203
198
165
99
50
36
48
26
-29
-33
21
40
0
-26
-12
12
92
165
168
131
83
76
102
84
11
-37
-7
73
137
103
40
-1
-23
-23
-7
-4
-19
-5
58
121
129
107
97
76
38
3
-12
-22
5
41
-2
-57
-39
22
59
76
85
80
44
4
-8
10
41
72
68
19
-1
29
53
71
50
-1
4
82
128
122
92
77
76
53
57
77
69
39
49
116
138
101
80
70
34
-38
-17
123
215
169
72
28
64
130
146
83
-10
-51
-18
27
85
124
99
55
40
48
66
81
59
11
-33
-21
23
36
29
52
91
131
162
135
89
53
-29
-68
-6
-19
-42
104
199
171
113
119
135
132
99
57
45
53
32
-38
-41
0
-3
6
84
165
197
186
182
168
133
101
72
32
7
37
65
80
67
32
-20
-52
-22
40
96
112
92
84
26
-5
51
99
36
-24
6
72
90
105
103
82
71
82
103
112
91
41
16
49
74
40
-10
-60
-53
23
84
17
-85
-76
4
97
123
57
-13
10
119
139
105
112
99
51
39
68
76
67
20
6
56
84
53
69
125
92
5
-2
42
33
-33
-45
37
124
150
96
36
75
120
99
34
-24
-42
-13
35
61
59
103
180
192
118
40
37
90
112
34
-97
-3
90
156
149
92
69
108
172
192
151
77
26
0
10
66
68
4
-6
19
40
66
81
67
64
70
69
74
48
13
21
20
24
57
81
27
-39
-77
-59
18
106
123
90
121
192
205
178
153
97
-9
-39
19
86
108
89
52
22
-1
13
0
-81
-145
-120
-72
-28
42
98
139
151
117
88
87
124
75
0
22
53
48
45
77
113
117
90
75
69
61
26
-39
-75
-23
26
10
-38
-36
73
197
218
169
146
154
162
117
37
-14
-71
-109
-51
28
38
20
84
197
220
169
137
118
73
32
22
6
-35
-42
17
145
273
325
264
172
135
114
39
-56
-124
-118
-147
-178
-91
34
129
183
188
114
38
43
98
107
58
2
-70
-72
36
96
103
117
108
70
38
25
42
67
26
-43
-51
34
98
55
-22
-49
3
55
73
132
154
132
154
205
199
92
-17
-3
52
43
3
17
80
102
84
53
3
-11
17
22
-20
-43
-3
52
93
103
74
2
-43
-4
45
27
-30
-13
85
149
141
140
149
161
135
83
60
73
69
39
36
25
2
6
26
5
-18
20
74
75
67
70
37
9
23
28
51
81
41
-4
19
73
80
1
-83
-135
-146
-65
77
140
113
68
55
117
139
54
23
51
26
11
37
48
35
20
54
88
51
2
8
67
98
67
40
33
53
76
88
117
138
129
122
107
106
89
39
2
5
-4
-6
54
115
129
131
125
65
-7
-28
-18
12
56
70
24
-2
34
88
75
22
-2
52
139
188
198
194
195
210
229
217
125
66
130
252
296
244
204
196
161
117
122
133
179
252
313
321
300
299
299
296
314
323
266
166
103
136
161
103
43
76
167
228
261
262
226
179
167
150
60
-53
-108
-82
-35
-38
-25
50
109
91
53
41
11
-49
-119
-161
-163
-119
-70
-76
-97
-114
-119
-92
-136
-195
-187
-178
-165
-109
-81
-109
-116
-75
-101
-161
-174
-168
-150
-88
-5
5
-34
-51
-37
-25
-11
-37
-89
-85
-50
-41
-43
-75
-115
-72
3
22
7
-25
-93
-134
-92
-40
-11
-5
21
6
-56
-68
-65
-54
-13
-2
-74
-25
13
34
-7
-61
-39
24
22
-27
-17
48
83
52
7
11
55
43
18
33
42
-10
-74
-27
66
112
119
102
45
10
33
38
12
-33
-53
37
138
156
85
3
26
51
41
25
27
44
50
83
97
96
133
172
166
150
183
228
212
155
119
68
10
-20
-41
-94
-73
34
98
72
57
88
108
105
151
208
200
167
150
150
131
100
90
66
35
57
108
138
140
133
119
129
99
83
87
73
49
59
116
152
115
73
99
131
134
120
88
86
97
35
4
76
116
66
37
80
123
122
101
84
102
136
122
91
85
117
135
88
25
13
27
51
80
72
43
60
125
133
70
24
3
36
121
117
21
-26
12
49
17
-17
-2
64
100
32
-39
-11
58
112
133
104
50
38
51
53
50
29
-8
-38
-17
29
42
-41
-132
-122
-89
-18
85
120
121
157
187
173
136
81
-1
-67
-38
18
10
-20
-25
-9
-53
-57
38
136
153
144
171
120
85
67
6
-45
-55
-54
20
121
147
91
-8
-46
43
125
149
132
76
44
35
44
84
102
81
51
34
43
51
16
-55
-102
-73
-23
9
52
97
132
135
93
74
91
103
89
86
59
20
24
60
51
-26
-121
-121
-36
60
120
117
80
68
96
108
75
40
9
-24
-56
-54
-35
36
136
154
87
21
54
104
85
24
-36
-22
25
69
117
150
147
119
88
57
43
53
43
-2
-35
-53
-33
21
19
-58
-53
92
243
295
213
76
0
32
104
93
9
-81
-138
-99
84
277
300
177
64
70
154
177
99
17
-17
-30
-14
23
54
54
11
-38
-10
32
-6
-81
-25
97
163
144
82
10
-1
49
128
152
104
58
67
96
92
59
58
92
123
112
98
121
124
114
100
41
-50
-87
-22
57
82
96
121
120
68
-6
-20
60
105
51
28
96
124
75
34
12
68
134
130
90
70
76
55
-1
-7
42
70
68
83
116
138
112
45
-6
-27
-43
-53
-28
11
72
212
144
101
132
125
88
64
36
-17
-30
-9
-23
-7
84
188
225
220
219
198
136
37
-42
-67
-57
-73
-104
-94
-77
-93
-117
-117
-90
1
125
186
194
184
125
40
-5
-34
-49
-10
72
135
168
194
199
120
-7
-61
-42
-40
-65
-67
-40
6
105
148
131
114
70
18
-1
35
72
25
-59
-118
-124
-72
-9
58
138
224
276
216
125
92
107
129
116
74
49
60
91
122
133
103
26
-28
-40
-59
-62
42
204
252
163
135
118
70
102
169
149
90
67
69
72
43
12
20
-6
-61
-10
98
129
100
100
93
42
-40
-100
-91
-39
40
61
40
53
119
201
204
152
99
104
117
85
18
-30
20
83
73
35
27
21
-22
-68
-50
1
-11
-46
35
161
231
240
162
71
81
100
29
-51
-88
-51
1
22
55
92
104
100
81
64
104
176
149
20
-87
-109
-33
55
9
-50
8
118
134
103
118
121
122
130
131
114
56
-8
-55
-76
-130
-165
-101
21
104
138
181
168
130
145
149
74
-12
-49
-34
18
89
116
81
32
-50
-156
-180
-92
28
147
195
205
224
231
214
109
23
-71
-70
-1
21
49
88
55
-22
-20
21
38
28
26
55
83
44
19
35
53
69
108
125
119
98
93
116
100
55
41
60
36
-68
-121
-68
-30
-35
-26
51
151
166
101
45
64
108
85
-14
-104
-83
10
82
151
221
249
221
146
88
91
86
48
27
-14
-146
-210
-104
68
155
135
91
71
68
100
128
122
104
88
77
91
106
75
-10
-60
-22
-12
-23
36
152
234
233
200
103
-19
-117
-145
-87
-84
-131
-42
120
173
106
51
61
104
117
57
-21
59
88
32
-40
217
228
132
32
28
80
81
6
-59
-102
-116
-135
-141
-41
90
147
53
-66
-50
48
115
102
32
21
70
106
72
24
4
7
19
42
64
51
19
11
24
51
51
61
90
97
64
0
-5
64
93
82
36
17
24
58
112
130
92
28
-5
11
68
68
13
-29
11
71
44
-34
-22
83
144
113
80
101
168
181
116
36
0
-8
