86
81
90
84
53
48
69
75
22
-29
-25
7
17
23
51
91
134
151
123
76
36
-13
-17
13
28
33
-23
-118
-87
84
140
45
27
112
184
185
152
121
81
69
45
-12
-25
24
74
67
35
49
106
101
5
-38
-7
34
43
6
-22
10
121
227
236
169
102
97
97
26
-68
-81
4
52
34
21
54
118
140
92
1
-122
-179
53
114
113
124
141
122
119
162
152
55
-29
-23
55
92
89
133
154
116
80
60
37
35
-3
-14
22
37
27
36
56
72
69
11
-27
-10
6
-22
-65
-60
-19
18
-1
-68
-83
-39
-18
38
164
257
221
167
182
196
182
115
29
-5
-2
-7
-56
-41
38
44
33
99
183
209
188
196
215
212
177
113
72
57
13
-57
-124
-129
-66
17
58
65
26
16
69
133
192
180
88
38
40
58
119
171
148
86
54
81
133
146
87
-3
-30
38
121
130
77
53
76
92
64
2
-26
-6
49
114
164
199
250
244
178
104
39
-18
-41
-17
6
-13
-54
-90
-90
-5
85
101
77
100
149
156
132
54
-28
-65
-7
76
67
21
60
128
137
71
2
-27
-25
2
53
108
92
17
-18
8
72
146
112
12
-13
26
93
87
25
3
-13
-21
-6
-6
9
42
-6
-53
2
51
1
-30
59
194
235
161
42
-5
4
21
12
-29
-108
-129
-65
12
66
93
101
82
49
73
123
104
59
56
54
11
-8
7
32
45
57
42
67
115
116
70
42
65
99
108
90
73
59
87
149
155
83
0
-18
25
72
68
2
-65
-36
49
91
59
57
125
217
246
208
139
57
-13
-73
156
90
-14
-36
51
134
102
2
-57
-17
114
213
221
151
64
-18
-61
-50
-83
-153
-120
7
136
227
250
198
113
53
54
44
33
45
54
43
27
-7
-8
55
74
51
98
156
133
100
81
65
40
-33
-76
-36
21
40
52
107
156
164
121
48
-4
-2
44
149
192
130
53
36
65
98
71
9
-23
-55
-73
-37
28
49
12
3
-17
-72
-66
36
147
216
228
164
107
106
122
100
52
12
-12
-7
39
114
145
91
19
-53
-115
-101
-62
-51
-66
-40
44
135
112
-7
-61
2
101
129
75
75
116
135
144
123
99
56
-17
-51
1
61
60
28
-1
-25
-29
-58
-65
20
124
162
115
44
34
84
113
89
25
-38
-41
41
118
114
67
6
-2
23
53
85
101
69
18
27
104
128
27
-83
-33
130
204
144
56
9
2
18
57
70
26
5
28
64
81
48
37
64
90
84
52
33
27
37
60
70
84
89
76
87
90
83
128
176
147
50
7
43
65
48
64
83
43
-9
-7
42
76
51
2
44
121
154
157
122
40
-6
24
102
135
113
48
8
27
87
102
42
-37
-45
-14
18
45
51
70
118
131
106
86
45
21
76
146
100
19
4
38
50
32
17
-7
-34
23
97
69
21
9
42
93
115
58
-33
-30
64
124
89
25
-7
17
89
144
135
76
22
17
54
80
77
52
-10
-62
-27
24
1
-60
-75
-41
-17
5
51
76
74
71
114
124
93
92
86
36
-49
-91
-55
-5
25
49
23
4
21
50
87
122
115
59
39
66
92
92
67
48
59
104
131
135
107
74
86
92
84
56
32
12
-10
-24
-10
-13
-52
-81
-54
-11
75
213
248
177
141
172
209
154
33
-68
-106
-85
1
105
181
199
185
193
209
166
49
-50
-88
-141
-140
-14
86
82
74
141
199
181
87
-19
-25
40
75
20
-28
-35
-7
72
155
169
129
89
84
87
112
144
103
29
8
-34
-75
-24
74
135
123
84
54
49
65
68
70
55
-17
-65
-18
45
70
43
-19
-25
65
145
144
123
138
153
117
33
-45
-101
-140
-132
-24
91
132
117
115
109
114
104
40
-34
-114
-124
-10
91
70
50
112
156
100
38
65
125
131
50
-19
-30
1
23
3
-25
-12
44
56
26
34
22
-7
-29
-29
-7
5
53
120
144
129
130
130
59
-1
0
18
20
-14
-25
37
122
185
215
200
139
67
0
-39
-82
-73
8
38
-26
-41
112
323
340
186
80
80
76
50
20
-18
-49
-76
-103
-37
112
201
139
57
102
154
122
81
50
-8
-69
-85
-60
-46
-37
-40
-74
-65
56
169
176
165
153
106
76
108
149
136
72
10
-27
-20
36
29
-5
16
43
9
-71
-78
7
141
250
264
185
100
77
107
93
27
-18
-52
-101
-120
-125
-93
22
112
93
73
92
118
146
156
165
128
39
-7
-20
4
56
56
3
-2
37
50
51
73
106
82
56
86
145
164
134
114
141
172
134
48
7
-6
-52
-29
60
101
76
54
27
-11
-14
27
60
66
80
116
150
166
155
117
69
-9
-91
-55
49
102
114
120
132
150
133
59
11
1
22
64
36
-21
13
121
149
106
42
-2
-23
6
77
112
100
106
107
68
85
112
104
80
35
-4
-26
-41
-12
37
16
-66
-107
-68
16
102
146
131
145
162
139
103
84
58
-38
-73
-37
4
105
201
187
89
52
124
182
145
76
11
-51
-42
6
55
43
-34
-99
-61
-3
26
108
165
151
135
151
135
85
40
-87
-201
-154
-28
40
70
85
81
58
35
1
-29
-14
22
-9
-58
17
128
115
18
8
33
-12
-45
6
61
74
76
86
76
36
-23
-99
-56
18
65
107
167
187
187
165
113
49
-13
-70
-102
-51
90
196
148
37
32
141
240
213
100
11
23
85
76
28
19
26
-8
-109
-45
39
119
183
184
148
120
116
87
53
49
28
-28
-74
-4
149
246
228
139
67
36
28
49
64
54
26
8
27
38
-18
-101
-121
-92
-55
-10
8
10
55
84
75
50
-9
-7
69
124
147
179
242
264
240
183
140
147
137
88
64
50
-9
-73
-53
13
70
107
118
132
144
141
105
48
10
9
3
-18
-18
19
66
83
29
-55
-92
-27
55
98
80
54
27
-25
-26
55
118
115
61
24
75
185
252
200
89
40
45
9
-49
-17
87
109
61
40
70
134
164
122
72
37
5
-36
-7
37
35
64
123
164
146
67
24
40
-7
-113
-162
-82
96
241
249
179
108
60
3
-26
-21
-49
-60
-13
33
51
82
88
28
-62
-118
-101
-40
25
55
54
81
81
84
100
66
34
67
104
70
20
19
22
6
8
12
20
92
217
278
230
156
133
163
137
61
-5
-21
8
65
104
107
104
85
59
55
57
33
-25
-50
0
65
96
103
90
52
39
54
10
-72
-60
17
43
25
34
27
24
65
120
114
70
25
23
82
114
74
67
107
113
73
17
-28
-69
-83
-19
37
37
42
82
102
44
-28
-33
23
69
45
48
107
141
86
24
40
56
69
71
49
64
103
161
230
244
177
58
-62
-106
-9
90
55
-50
-77
21
107
104
103
134
108
51
40
70
75
28
-53
-124
-98
-1
60
48
11
27
102
119
73
45
58
64
6
-40
-21
4
18
60
137
157
114
144
220
225
148
49
-8
1
36
5
-25
11
91
123
76
-6
-13
17
3
-25
-29
-9
37
93
114
88
53
0
-42
-69
-55
10
73
87
44
-11
-10
25
-3
-46
-10
52
104
157
162
149
171
202
183
91
0
-21
-8
-1
-18
-12
58
139
146
106
117
149
169
178
157
104
44
6
-25
-54
-36
1
4
-8
51
153
184
184
210
215
156
53
-29
-38
-5
20
-9
-85
-94
-1
88
57
-18
-23
21
76
129
169
168
150
155
160
116
57
12
-17
-9
43
74
48
-22
-65
-38
5
25
-11
-54
-28
11
52
55
54
64
48
40
67
36
24
108
133
92
56
5
